[gd_scene load_steps=4 format=2]

[ext_resource path="res://items/body/hand.gd" type="Script" id=1]

[sub_resource type="SpatialMaterial" id=2]
albedo_color = Color( 0.670588, 0.227451, 0.341176, 1 )

[sub_resource type="CylinderShape" id=3]
height = 0.228172
radius = 0.1

[node name="foot" type="RigidBody"]
script = ExtResource( 1 )

[node name="placeholder_please_replace_me" type="CSGCombiner" parent="."]
transform = Transform( -1, 0, -1.92963e-07, 0, 1.3107, 0, 1.50996e-07, 0, -1.27793, -8.83171e-10, 0, -0.0202046 )

[node name="palm" type="CSGBox" parent="placeholder_please_replace_me"]
transform = Transform( 1, 0, -7.10543e-14, 0, 1, 0, -2.84217e-14, 0, 0.999999, -2.54965e-09, 0, 0.0275287 )
width = 0.0553335
height = 0.0275514
depth = 0.122883
material = SubResource( 2 )

[node name="finger_1" type="CSGBox" parent="placeholder_please_replace_me"]
transform = Transform( 0.973263, 0, -0.229693, 0, 1, 0, 0.229693, 0, 0.973263, -0.0304106, 0.00240868, 0.0899448 )
width = 0.0141257
height = 0.00829496
depth = 0.0189864
material = SubResource( 2 )

[node name="finger_2" type="CSGBox" parent="placeholder_please_replace_me"]
transform = Transform( 0.999451, 0, -0.0331203, 0, 1, 0, 0.0331203, 0, 0.999451, -0.0154949, 0.00240871, 0.0968564 )
width = 0.0141257
height = 0.00829496
depth = 0.0213818
material = SubResource( 2 )

[node name="finger_3" type="CSGBox" parent="placeholder_please_replace_me"]
transform = Transform( 0.999451, 0, -0.0331203, 0, 1, 0, 0.0331203, 0, 0.999451, 0.00370443, 0.00240871, 0.100603 )
width = 0.0141257
height = 0.00829496
depth = 0.0312086
material = SubResource( 2 )

[node name="finger_4" type="CSGBox" parent="placeholder_please_replace_me"]
transform = Transform( 0.974288, 0, 0.225308, 0, 1, 0, -0.225308, 0, 0.974288, 0.0251388, 0.00240868, 0.106898 )
width = 0.0141257
height = 0.00829496
depth = 0.0318639
material = SubResource( 2 )

[node name="finger_5" type="CSGBox" parent="placeholder_please_replace_me"]
transform = Transform( 0.716395, 0.178139, 0.67457, -0.201669, 0.978456, -0.0442155, -0.667913, -0.104364, 0.736885, 0.0345668, -0.0047693, 0.0942325 )
width = 0.0141257
height = 0.00829496
depth = 0.0324768
material = SubResource( 2 )

[node name="leg" type="CSGCylinder" parent="placeholder_please_replace_me"]
transform = Transform( 1, 8.79431e-08, 8.74212e-08, 8.74212e-08, -0.999982, 0.00595158, 8.79431e-08, -0.00595158, -0.999982, -8.40291e-09, 0.0994493, -0.00772801 )
radius = 0.0215053
height = 0.172177
material = SubResource( 2 )

[node name="placeholder_collision_shape" type="CollisionShape" parent="."]
transform = Transform( -1, 0, -8.74228e-08, 0, 1, 0, 8.74228e-08, 0, -1, -3.33636e-09, 0.100225, -0.0482658 )
shape = SubResource( 3 )
