[gd_scene load_steps=55 format=2]

[ext_resource path="res://test_scenes/test-ladder.tscn" type="PackedScene" id=1]
[ext_resource path="res://house/house-walls.tscn" type="PackedScene" id=2]
[ext_resource path="res://furniture/door-basic.tscn" type="PackedScene" id=3]
[ext_resource path="res://furniture/bed_single.tscn" type="PackedScene" id=4]
[ext_resource path="res://furniture/Dresser.tscn" type="PackedScene" id=5]
[ext_resource path="res://items/treasure_chest.tscn" type="PackedScene" id=6]
[ext_resource path="res://items/cardboardbox.tscn" type="PackedScene" id=7]
[ext_resource path="res://house/windows/window.tscn" type="PackedScene" id=8]
[ext_resource path="res://furniture/trap_door.tscn" type="PackedScene" id=9]
[ext_resource path="res://furniture/doors/attic_trap_door.gd" type="Script" id=10]
[ext_resource path="res://house/decals/paintings/painting1.tscn" type="PackedScene" id=11]
[ext_resource path="res://furniture/doors/basement_trap_door.gd" type="Script" id=12]
[ext_resource path="res://house/decals/paintings/painting2.tscn" type="PackedScene" id=13]
[ext_resource path="res://house/decals/paintings/painting4.tscn" type="PackedScene" id=14]
[ext_resource path="res://house/decals/paintings/painting3.tscn" type="PackedScene" id=15]
[ext_resource path="res://house/decals/paintings/painting5.tscn" type="PackedScene" id=16]
[ext_resource path="res://house/decals/paintings/painting7.tscn" type="PackedScene" id=17]
[ext_resource path="res://house/decals/paintings/painting6.tscn" type="PackedScene" id=18]
[ext_resource path="res://house/decals/paintings/painting8.tscn" type="PackedScene" id=19]
[ext_resource path="res://items/mushroom.tscn" type="PackedScene" id=20]
[ext_resource path="res://items/candle.tscn" type="PackedScene" id=21]
[ext_resource path="res://furniture/toilet.tscn" type="PackedScene" id=22]
[ext_resource path="res://items/lighter.tscn" type="PackedScene" id=23]
[ext_resource path="res://items/entrance_key.tscn" type="PackedScene" id=24]
[ext_resource path="res://gameplay/lock_area.gd" type="Script" id=25]
[ext_resource path="res://furniture/entrance_door.gd" type="Script" id=26]
[ext_resource path="res://furniture/chair_comfy.tscn" type="PackedScene" id=27]
[ext_resource path="res://furniture/table-oak-square.tscn" type="PackedScene" id=28]
[ext_resource path="res://furniture/chair-oak.tscn" type="PackedScene" id=29]
[ext_resource path="res://items/plate.tscn" type="PackedScene" id=30]
[ext_resource path="res://items/foot.tscn" type="PackedScene" id=31]
[ext_resource path="res://items/flower_pot.tscn" type="PackedScene" id=32]
[ext_resource path="res://items/music_box.tscn" type="PackedScene" id=33]
[ext_resource path="res://furniture/giant_eye.tscn" type="PackedScene" id=34]
[ext_resource path="res://furniture/giant_mouth.tscn" type="PackedScene" id=35]
[ext_resource path="res://items/kitchen_key.tscn" type="PackedScene" id=36]
[ext_resource path="res://furniture/kitchen_door.gd" type="Script" id=37]
[ext_resource path="res://items/torchlight.tscn" type="PackedScene" id=38]
[ext_resource path="res://furniture/bedroom_door.gd" type="Script" id=39]
[ext_resource path="res://furniture/giant_eye/giant_eye_mouth_behavior.gd" type="Script" id=40]
[ext_resource path="res://items/old_woman_shoe.tscn" type="PackedScene" id=41]
[ext_resource path="res://items/lantern-old.tscn" type="PackedScene" id=42]
[ext_resource path="res://furniture/sink.tscn" type="PackedScene" id=43]
[ext_resource path="res://furniture/mirror/old_mirror.tres" type="Material" id=44]
[ext_resource path="res://furniture/bathtub.tscn" type="PackedScene" id=45]
[ext_resource path="res://items/basement_key.tscn" type="PackedScene" id=46]
[ext_resource path="res://items/military_torchlight.tscn" type="PackedScene" id=47]
[ext_resource path="res://furniture/cauldron.tscn" type="PackedScene" id=48]
[ext_resource path="res://items/cristal_ball.tscn" type="PackedScene" id=49]
[ext_resource path="res://items/old_sports_shoe.tscn" type="PackedScene" id=50]
[ext_resource path="res://items/knife_cleaver.tscn" type="PackedScene" id=51]
[ext_resource path="res://items/eyeball.tscn" type="PackedScene" id=52]

[sub_resource type="SphereShape" id=1]
radius = 0.175127

[sub_resource type="BoxShape" id=2]
extents = Vector3( 1, 2.06142, 1.16082 )

[node name="house" type="Spatial"]

[node name="walls" parent="." instance=ExtResource( 2 )]

[node name="porch_ladder" parent="." instance=ExtResource( 1 )]
transform = Transform( 1, 0, 0, 0, 0.86774, 0.497019, 0, -0.497019, 0.86774, -0.0164985, -3.52353, 10.9708 )

[node name="CSGBox14" parent="porch_ladder/CSGCombiner" index="10"]
transform = Transform( -4.37114e-08, -1, 0, 1, -4.37114e-08, 0, 0, 0, 1, 0.0148218, 3.20487, 9.53674e-07 )

[node name="attic_ladder" parent="." instance=ExtResource( 1 )]
unique_name_in_owner = true
transform = Transform( 1, 0, 0, 0, 0.935834, 0.172049, 0, -0.163447, 0.985088, 7.18452, 0.0330846, -2.15135 )
visible = false

[node name="basement_ladder" parent="." instance=ExtResource( 1 )]
unique_name_in_owner = true
transform = Transform( 1, 0, 0, 0, 0.989729, 0.142957, 0, -0.142957, 0.989729, 0.107154, -3.91047, -2.12133 )

[node name="doors" type="Spatial" parent="."]

[node name="entrance_door" parent="doors" instance=ExtResource( 3 )]
transform = Transform( 1, 0, 0, 0, 1, 0, 0, 0, 1, -0.599523, 0.0657877, 6.06917 )
script = ExtResource( 26 )
is_locked = true
locked_text = "Locked...\\nI need a [b]key[/b]"

[node name="lock" type="Area" parent="doors/entrance_door/main_mesh/door_handle_1" index="4"]
transform = Transform( 1, 0, 0, 0, 1, 0, 0, 0, 1, -0.0138999, -0.0772813, -0.0455813 )
script = ExtResource( 25 )
lock_name = "entrance_door"
path_to_key_slot = NodePath("key_slot")

[node name="CollisionShape" type="CollisionShape" parent="doors/entrance_door/main_mesh/door_handle_1/lock"]
transform = Transform( 1, 0, 0, 0, 1, 0, 0, 0, 1, 0.00268114, 0, 0.0601574 )
shape = SubResource( 1 )

[node name="key_slot" type="Spatial" parent="doors/entrance_door/main_mesh/door_handle_1/lock"]
transform = Transform( 1, 0, 0, 0, 1, 0, 0, 0, 1, 0.0203089, -0.0227696, 0.0723319 )

[node name="instructions_area" type="Area" parent="doors/entrance_door"]
collision_layer = 0
collision_mask = 2

[node name="CollisionShape" type="CollisionShape" parent="doors/entrance_door/instructions_area"]
transform = Transform( 1, 0, 0, 0, 1, 0, 0, 0, 1, 0.679055, 1.19209e-07, -0.181656 )
shape = SubResource( 2 )

[node name="toilet_door" parent="doors" instance=ExtResource( 3 )]
transform = Transform( 1, 0, 0, 0, 1, 0, 0, 0, 1, 2.10953, 0.0514893, -6.71467 )
is_open = true

[node name="kitchen_door" parent="doors" instance=ExtResource( 3 )]
transform = Transform( -4.37114e-08, 0, 1, 0, 1, 0, -1, 0, -4.37114e-08, -1.47956, 0.068, 2.88106 )
script = ExtResource( 37 )
is_locked = true
locked_text = "Locked...\\nI need a key."

[node name="main_mesh" parent="doors/kitchen_door" index="1"]
transform = Transform( 1, 0, 0, 0, 1, 0, 0, 0, 1, 0.63, 1.07, 0 )

[node name="lock" type="Area" parent="doors/kitchen_door/main_mesh/door_handle_1" index="4"]
transform = Transform( 1, 0, -1.06581e-14, 0, 1, 0, 1.06581e-14, 0, 1, 0.0764192, -0.00948471, 0.0955592 )
script = ExtResource( 25 )
lock_name = "kitchen"
path_to_key_slot = NodePath("key_slot")

[node name="CollisionShape" type="CollisionShape" parent="doors/kitchen_door/main_mesh/door_handle_1/lock"]
transform = Transform( 1, 0, 0, 0, 1, 0, 0, 0, 1, 0.0380443, 0.0572793, -0.0452374 )
shape = SubResource( 1 )

[node name="key_slot" type="Spatial" parent="doors/kitchen_door/main_mesh/door_handle_1/lock"]
transform = Transform( 1, 0, 0, 0, 1, 0, 0, 0, 1, 0.0203089, -0.0227696, -0.050364 )

[node name="bathroom_door" parent="doors" instance=ExtResource( 3 )]
transform = Transform( -4.37114e-08, 0, 1, 0, 1, 0, -1, 0, -4.37114e-08, -4.30606, 0.068, -4.75156 )
is_locked = true
locked_text = "The door knob is missing."

[node name="main_mesh" parent="doors/bathroom_door" index="1"]
transform = Transform( 1, 0, 0, 0, 1, 0, 0, 0, 1, 0.63, 1.07, 0 )

[node name="door_handle_1" parent="doors/bathroom_door/main_mesh" index="0"]
visible = false

[node name="living_door" parent="doors" instance=ExtResource( 3 )]
transform = Transform( 1.31134e-07, 0, -1, 0, 1, 0, 1, 0, 1.31134e-07, 1.76, 0.068, 1.659 )

[node name="bedroom_door" parent="doors" instance=ExtResource( 3 )]
transform = Transform( 1.31134e-07, 0, -1, 0, 1, 0, 1, 0, 1.31134e-07, 4.351, 0.0645822, -5.96822 )
script = ExtResource( 39 )
is_locked = true
locked_text = "Locked...\\nThere is no key-hole."

[node name="basement_trap_door" parent="doors" instance=ExtResource( 9 )]
transform = Transform( -4.37114e-08, 0, 1, 0, 1, 0, -1, 0, -4.37114e-08, 0.140548, 0.015, -2.018 )
script = ExtResource( 12 )
is_locked = true

[node name="attic_trap_door" parent="doors" instance=ExtResource( 9 )]
transform = Transform( -4.37114e-08, 0, 1, 0, 1, 0, -1, 0, -4.37114e-08, 7.17895, 3.67927, -1.92649 )
script = ExtResource( 10 )
is_locked = true

[node name="furniture" type="Spatial" parent="."]

[node name="living_room" type="Spatial" parent="furniture"]

[node name="chair_comfy" parent="furniture/living_room" instance=ExtResource( 27 )]
transform = Transform( 0.880287, 0, -0.474442, 0, 1, 0, 0.474442, 0, 0.880287, 5.92032, 0.056232, 3.2081 )

[node name="table" parent="furniture/living_room" instance=ExtResource( 28 )]
transform = Transform( 0.641976, 0, -0.279046, 0, 0.7, 0, 0.279046, 0, 0.641976, 4.80108, 0.064343, 4.68014 )

[node name="table2" parent="furniture/living_room" instance=ExtResource( 28 )]
transform = Transform( 0.441211, 0, -0.235229, 0, 0.5, 0, 0.235229, 0, 0.441211, 6.67106, 0.0611715, 3.7571 )

[node name="table3" parent="furniture/living_room" instance=ExtResource( 28 )]
transform = Transform( 0.999862, 0, 0.0298752, 0, 1, 0, -0.0165973, 0, 1.79975, 3.8403, 0.0643428, -1.20704 )

[node name="chair" parent="furniture/living_room" instance=ExtResource( 29 )]
transform = Transform( 0.0942647, 0, 0.995547, 0, 1, 0, -0.995547, 0, 0.0942647, 3.77336, 0.064342, 4.51861 )

[node name="chair2" parent="furniture/living_room" instance=ExtResource( 29 )]
transform = Transform( -0.292539, 0, -0.956254, 0, 1, 0, 0.956254, 0, -0.292539, 5.81498, 0.064342, 5.06929 )

[node name="chair3" parent="furniture/living_room" instance=ExtResource( 29 )]
transform = Transform( -0.98803, 0, -0.154262, 0, 1, 0, 0.154262, 0, -0.98803, 3.85227, 0.0643427, 0.197343 )

[node name="chair4" parent="furniture/living_room" instance=ExtResource( 29 )]
transform = Transform( 0.0653856, 0, 0.99786, 0, 1, 0, -0.99786, 0, 0.0653856, 3.02494, 0.0643423, -0.494261 )

[node name="chair6" parent="furniture/living_room" instance=ExtResource( 29 )]
transform = Transform( 0.0653856, 0, 0.99786, 0, 1, 0, -0.99786, 0, 0.0653856, 2.99622, 0.0643423, -1.65265 )

[node name="chair7" parent="furniture/living_room" instance=ExtResource( 29 )]
transform = Transform( -0.0195637, 0, -0.999809, 0, 1, 0, 0.999809, 0, -0.0195637, 4.64856, 0.0643421, -1.66347 )

[node name="chair8" parent="furniture/living_room" instance=ExtResource( 29 )]
transform = Transform( 0.999385, 0, 0.0350742, 0, 1, 0, -0.0350742, 0, 0.999385, 3.89924, 0.0643421, -2.64197 )

[node name="chair5" parent="furniture/living_room" instance=ExtResource( 29 )]
transform = Transform( 0.109786, 0, -0.993955, 0, 1, 0, 0.993955, 0, 0.109786, 4.69578, 0.0643431, -0.788461 )

[node name="dresser2" parent="furniture/living_room" instance=ExtResource( 5 )]
transform = Transform( 0.999659, 0, -0.0261072, 0, 1, 0, 0.0261072, 0, 0.999659, 6.97713, 0.053007, -3.32642 )

[node name="dresser3" parent="furniture/living_room" instance=ExtResource( 5 )]
transform = Transform( 0.011641, 0, -0.999932, 0, 1, 0, 0.999932, 0, 0.011641, 7.53621, 0.053007, 1.07437 )

[node name="plate" parent="furniture/living_room" instance=ExtResource( 30 )]
transform = Transform( 1, 0, 0, 0, 1, 0, 0, 0, 1, 6.59843, 0.465002, 3.83373 )

[node name="plate2" parent="furniture/living_room" instance=ExtResource( 30 )]
transform = Transform( 1, 0, 0, 0, 1, 0, 0, 0, 1, 5.14288, 0.627782, 4.50598 )

[node name="plate3" parent="furniture/living_room" instance=ExtResource( 30 )]
transform = Transform( 1, 0, 0, 0, 1, 0, 0, 0, 1, 4.6723, 0.627782, 4.4887 )

[node name="foot" parent="furniture/living_room" instance=ExtResource( 31 )]
transform = Transform( 0.0249556, 0.999689, 0, -0.999689, 0.0249556, 0, 0, 0, 1, 6.5382, 0.514603, 3.85866 )

[node name="bedroom" type="Spatial" parent="furniture"]

[node name="dresser" parent="furniture/bedroom" instance=ExtResource( 5 )]
transform = Transform( -1, 0, 8.74228e-08, 0, 1, 0, -8.74228e-08, 0, -1, 7.04481, 0.0530064, -4.72908 )

[node name="bed_single" parent="furniture/bedroom" instance=ExtResource( 4 )]
transform = Transform( -6.99382e-08, 0, -1.4, 0, 1.4, 0, 1.6, 0, -6.11959e-08, 6.6524, 0.0718173, -8.78317 )

[node name="chest" parent="furniture/bedroom" instance=ExtResource( 6 )]
transform = Transform( 1.2, 0, 8.9407e-08, 0, 1.2, 0, -8.9407e-08, 0, 1.2, 4.58028, 0.0643429, -9.4484 )

[node name="bathroom" type="Spatial" parent="furniture"]

[node name="dresser" parent="furniture/bathroom" instance=ExtResource( 5 )]
transform = Transform( 0.999769, 0, 0.0168317, 0, 2.09667, 0, -0.0215008, 0, 0.782657, -3.78655, 0.0643425, -9.32339 )

[node name="sink" parent="furniture/bathroom" instance=ExtResource( 43 )]
transform = Transform( -6.55671e-08, 0, 1.5, 0, 1.5, 0, -1.5, 0, -6.55671e-08, -7.80688, 0.0658809, -6.98098 )

[node name="old_mirror" type="CSGBox" parent="furniture/bathroom"]
transform = Transform( -4.37114e-08, 0, -1, 0, 1, 0, 1, 0, -4.37114e-08, -8.09462, 1.47663, -6.96108 )
width = 1.0
height = 1.0
depth = 0.01
material = ExtResource( 44 )

[node name="bathtub" parent="furniture/bathroom" instance=ExtResource( 45 )]

[node name="dresser2" parent="furniture/bathroom" instance=ExtResource( 5 )]
transform = Transform( -4.37114e-08, 0, 1, 0, 1, 0, -1, 0, -4.37114e-08, -7.53541, 0.0530065, -5.21071 )

[node name="chair" parent="furniture/bathroom" instance=ExtResource( 29 )]
transform = Transform( -4.37114e-08, 0, 1, 0, 1, 0, -1, 0, -4.37114e-08, -6.67637, 0.0662624, -9.30443 )

[node name="secret_room" type="Spatial" parent="furniture"]

[node name="chair_comfy" parent="furniture/secret_room" instance=ExtResource( 27 )]
transform = Transform( 0.707107, 0, -0.707107, 0, 1, 0, 0.707107, 0, 0.707107, 1.1423, 0.056232, -9.27698 )

[node name="table4" parent="furniture/secret_room" instance=ExtResource( 28 )]
transform = Transform( 0.499714, 0, 0.0168912, 0, 0.5, 0, -0.0168912, 0, 0.499714, 1.05123, 0.0611706, -8.16263 )

[node name="cauldron" parent="furniture/secret_room" instance=ExtResource( 48 )]
transform = Transform( 0.319716, 0, 0, 0, 0.39589, 0, 0, 0, 0.319716, -0.050731, 0.0643426, -9.33122 )

[node name="toilets" type="Spatial" parent="furniture"]

[node name="toilet" parent="furniture/toilets" instance=ExtResource( 22 )]
transform = Transform( 0.0151664, 0, 0.999885, 0, 1, 0, -0.999885, 0, 0.0151664, 2.48748, 0.0643194, -9.112 )

[node name="attic" type="Spatial" parent="furniture"]

[node name="chair" parent="furniture/attic" instance=ExtResource( 29 )]
transform = Transform( 1, 0, 0, 0, 1, 0, 0, 0, 1, -5.50471, 3.66434, 2.55019 )

[node name="chair2" parent="furniture/attic" instance=ExtResource( 29 )]
transform = Transform( 0.606696, 0, 0.794934, 0, 1, 0, -0.794934, 0, 0.606696, -6.23345, 3.66434, 2.53252 )

[node name="chair3" parent="furniture/attic" instance=ExtResource( 29 )]
transform = Transform( 0.0301373, 0, 0.999546, 0, 1, 0, -0.999546, 0, 0.0301373, -5.55181, 3.66626, 3.47405 )

[node name="chair4" parent="furniture/attic" instance=ExtResource( 29 )]
transform = Transform( -0.878959, 0, 0.476898, 0, 1, 0, -0.476898, 0, -0.878959, -6.14424, 3.66626, 3.39389 )

[node name="chair5" parent="furniture/attic" instance=ExtResource( 29 )]
transform = Transform( -0.878959, 0, 0.476898, 0, 1, 0, -0.476898, 0, -0.878959, -6.77978, 3.66626, 2.78866 )

[node name="chair6" parent="furniture/attic" instance=ExtResource( 29 )]
transform = Transform( -0.94313, 0, -0.332425, 0, 1, 0, 0.332425, 0, -0.94313, -7.19711, 3.66626, 2.48743 )

[node name="chair7" parent="furniture/attic" instance=ExtResource( 29 )]
transform = Transform( -0.0406723, 0, -0.999173, 0, 1, 0, 0.999173, 0, -0.0406723, -6.71159, 3.66626, 1.79741 )

[node name="chair8" parent="furniture/attic" instance=ExtResource( 29 )]
transform = Transform( 0.937871, 0, -0.346985, 0, 1, 0, 0.346985, 0, 0.937871, -6.06866, 3.66626, 1.79741 )

[node name="chair9" parent="furniture/attic" instance=ExtResource( 29 )]
transform = Transform( 1, 0, 0, 0, 1, 0, 0, 0, 1, -2.83399, 3.66434, -7.02326 )

[node name="chair10" parent="furniture/attic" instance=ExtResource( 29 )]
transform = Transform( 0.606696, 0, 0.794934, 0, 1, 0, -0.794934, 0, 0.606696, -3.56273, 3.66434, -7.04093 )

[node name="chair11" parent="furniture/attic" instance=ExtResource( 29 )]
transform = Transform( 0.0301373, 0, 0.999546, 0, 1, 0, -0.999546, 0, 0.0301373, -2.88109, 3.66626, -6.0994 )

[node name="chair12" parent="furniture/attic" instance=ExtResource( 29 )]
transform = Transform( -0.878959, 0, 0.476898, 0, 1, 0, -0.476898, 0, -0.878959, -3.47351, 3.66626, -6.17956 )

[node name="chair13" parent="furniture/attic" instance=ExtResource( 29 )]
transform = Transform( -0.878959, 0, 0.476898, 0, 1, 0, -0.476898, 0, -0.878959, -4.10905, 3.66626, -6.78478 )

[node name="chair14" parent="furniture/attic" instance=ExtResource( 29 )]
transform = Transform( -0.94313, 0, -0.332425, 0, 1, 0, 0.332425, 0, -0.94313, -4.52638, 3.66626, -7.08601 )

[node name="chair15" parent="furniture/attic" instance=ExtResource( 29 )]
transform = Transform( -0.0406723, 0, -0.999173, 0, 1, 0, 0.999173, 0, -0.0406723, -4.04086, 3.66626, -7.77603 )

[node name="chair16" parent="furniture/attic" instance=ExtResource( 29 )]
transform = Transform( 0.937871, 0, -0.346985, 0, 1, 0, 0.346985, 0, 0.937871, -3.39793, 3.66626, -7.77603 )

[node name="chair17" parent="furniture/attic" instance=ExtResource( 29 )]
transform = Transform( 1, 0, 0, 0, 1, 0, 0, 0, 1, 1.94019, 3.66434, -5.53532 )

[node name="chair18" parent="furniture/attic" instance=ExtResource( 29 )]
transform = Transform( 0.606696, 0, 0.794934, 0, 1, 0, -0.794934, 0, 0.606696, 1.21145, 3.66434, -5.55299 )

[node name="chair19" parent="furniture/attic" instance=ExtResource( 29 )]
transform = Transform( 0.0301373, 0, 0.999546, 0, 1, 0, -0.999546, 0, 0.0301373, 1.89309, 3.66626, -4.61146 )

[node name="chair20" parent="furniture/attic" instance=ExtResource( 29 )]
transform = Transform( -0.878959, 0, 0.476898, 0, 1, 0, -0.476898, 0, -0.878959, 1.30067, 3.66626, -4.69162 )

[node name="chair21" parent="furniture/attic" instance=ExtResource( 29 )]
transform = Transform( -0.878959, 0, 0.476898, 0, 1, 0, -0.476898, 0, -0.878959, 0.665127, 3.66626, -5.29685 )

[node name="chair22" parent="furniture/attic" instance=ExtResource( 29 )]
transform = Transform( -0.94313, 0, -0.332425, 0, 1, 0, 0.332425, 0, -0.94313, 0.247797, 3.66626, -5.59807 )

[node name="chair23" parent="furniture/attic" instance=ExtResource( 29 )]
transform = Transform( -0.0406723, 0, -0.999173, 0, 1, 0, 0.999173, 0, -0.0406723, 0.73332, 3.66626, -6.28809 )

[node name="chair24" parent="furniture/attic" instance=ExtResource( 29 )]
transform = Transform( 0.937871, 0, -0.346985, 0, 1, 0, 0.346985, 0, 0.937871, 1.37625, 3.66626, -6.28809 )

[node name="chair_comfy" parent="furniture/attic" instance=ExtResource( 27 )]
transform = Transform( 0.801723, 0, -0.597695, 0, 1, 0, 0.597695, 0, 0.801723, 5.86705, 3.66434, 3.32631 )

[node name="table" parent="furniture/attic" instance=ExtResource( 28 )]
transform = Transform( 1, 0, 0, 0, 1, 0, 0, 0, 1, -0.122781, 3.658, -1.53209 )

[node name="table2" parent="furniture/attic" instance=ExtResource( 28 )]
transform = Transform( 1, 0, 0, 0, 1, 0, 0, 0, 1, -0.122781, 4.45932, -1.53209 )

[node name="table3" parent="furniture/attic" instance=ExtResource( 28 )]
transform = Transform( 0.521278, 0, -0.853387, 0, 1, 0, 0.853387, 0, 0.521278, 2.48874, 3.658, -1.53209 )

[node name="table4" parent="furniture/attic" instance=ExtResource( 28 )]
transform = Transform( 0.96563, -0.258819, 0.0239031, 0.0247463, -4.37114e-08, -0.999694, 0.25874, 0.965926, 0.00640476, -0.526324, 4.50653, -1.24525 )

[node name="dresser" parent="furniture/attic" instance=ExtResource( 5 )]
transform = Transform( -4.37114e-08, 0, 1, 0, 1, 0, -1, 0, -4.37114e-08, -7.43931, 3.65301, -0.473139 )

[node name="dresser2" parent="furniture/attic" instance=ExtResource( 5 )]
transform = Transform( 0.756721, 0, 0.653738, 0, 1, 0, -0.653738, 0, 0.756721, -6.96084, 3.65301, -2.59513 )

[node name="basement" type="Spatial" parent="furniture"]

[node name="eyeball" parent="furniture/basement" instance=ExtResource( 52 )]
transform = Transform( -0.74386, 0.513524, 0.427746, -0.203932, -0.783894, 0.586449, 0.636462, 0.349005, 0.687831, -1.0886, -2.32106, -5.73028 )

[node name="dresser" parent="furniture/basement" instance=ExtResource( 5 )]
transform = Transform( -1, 0, -8.74228e-08, 0, 1, 0, 8.74228e-08, 0, -1, 1.39744, -3.1671, 0.14874 )

[node name="cauldron" parent="furniture/basement" instance=ExtResource( 48 )]
transform = Transform( 0.703022, 0, -0.711168, 0, 1, 0, 0.711168, 0, 0.703022, 1.98657, -3.15576, -5.98799 )

[node name="table" parent="furniture/basement" instance=ExtResource( 28 )]
transform = Transform( 1, 0, 0, 0, 1, 0, 0, 0, 1, -1.54853, -3.1621, -6.10039 )

[node name="chair" parent="furniture/basement" instance=ExtResource( 29 )]
transform = Transform( 1, 0, 0, 0, 1, 0, 0, 0, 1, -0.0244939, -3.15384, -6.61806 )

[node name="sink" parent="furniture/basement" instance=ExtResource( 43 )]
transform = Transform( -0.127108, 0, -1.4946, 0, 1.5, 0, 1.4946, 0, -0.127108, 2.47744, -3.15351, -4.13678 )

[node name="plate" parent="furniture/basement" instance=ExtResource( 30 )]
transform = Transform( 1, 0, 0, 0, 1, 0, 0, 0, 1, -1.10854, -2.35444, -5.7285 )

[node name="knife_cleaver" parent="furniture/basement" instance=ExtResource( 51 )]
transform = Transform( -4.37114e-08, -1, 0, 1, -4.37114e-08, 0, 0, 0, 1, -1.48244, -2.35324, -5.62207 )

[node name="mushrooms" type="Spatial" parent="."]

[node name="entrance" type="Spatial" parent="mushrooms"]

[node name="mushroom12" parent="mushrooms/entrance" instance=ExtResource( 20 )]
transform = Transform( 1, 0, 0, 0, 0.83479, -0.550568, 0, 0.550568, 0.83479, -0.522466, -3.31918, 11.1057 )
mushroom_shape = 1.52656

[node name="mushroom13" parent="mushrooms/entrance" instance=ExtResource( 20 )]
transform = Transform( -0.0535733, -0.549777, -0.833591, 8.9407e-08, 0.834791, -0.550568, 0.998564, -0.0294956, -0.044723, -0.625315, -3.01666, 10.7931 )
mushroom_shape = 4.50499

[node name="mushroom" parent="mushrooms/entrance" instance=ExtResource( 20 )]
transform = Transform( 1, 0, 0, 0, 0.83479, -0.550568, 0, 0.550568, 0.83479, -0.704683, 0.207544, 6.28975 )
mushroom_color = 2
mushroom_shape = 3.01566

[node name="mushroom14" parent="mushrooms/entrance" instance=ExtResource( 20 )]
transform = Transform( 1, 0, 0, 0, 0.83479, -0.550568, 0, 0.550568, 0.83479, -0.704683, 0.207544, 6.28975 )
mushroom_color = 2
mushroom_shape = 4.08599

[node name="mushroom6" parent="mushrooms/entrance" instance=ExtResource( 20 )]
transform = Transform( 0.419579, -0.499761, -0.757755, -0.790007, 0.210071, -0.575985, 0.447037, 0.840303, -0.306674, -0.997313, 0.553488, 6.20613 )
mushroom_color = 4
mushroom_shape = 2.2129

[node name="mushroom7" parent="mushrooms/entrance" instance=ExtResource( 20 )]
transform = Transform( 0.665837, -0.0750034, -0.742318, -0.245614, 0.917443, -0.313006, 0.70451, 0.390735, 0.592445, -1.31043, 0.207544, 6.22648 )
mushroom_color = 1
mushroom_shape = 7.63783

[node name="mushroom2" parent="mushrooms/entrance" instance=ExtResource( 20 )]
transform = Transform( 0.896479, 0.24395, 0.369885, 0, 0.83479, -0.550568, -0.443087, 0.493573, 0.748372, 0.773506, 0.207544, 6.2813 )
mushroom_color = 2
mushroom_shape = 4.72992

[node name="mushroom8" parent="mushrooms/entrance" instance=ExtResource( 20 )]
transform = Transform( 0.85908, -0.00482896, 0.511819, 0.256233, 0.869691, -0.421879, -0.443087, 0.493573, 0.748372, 1.16897, 0.207544, 6.24024 )
mushroom_color = 2
mushroom_shape = 7.25474

[node name="mushroom9" parent="mushrooms/entrance" instance=ExtResource( 20 )]
transform = Transform( 0.85908, -0.00482896, 0.511819, 0.256233, 0.869691, -0.421879, -0.443087, 0.493573, 0.748372, 1.00267, 0.186312, 6.31984 )
mushroom_color = 1
mushroom_shape = 6.79041

[node name="mushroom11" parent="mushrooms/entrance" instance=ExtResource( 20 )]
transform = Transform( 0.941481, -0.259782, 0.214771, 0.336582, 0.758671, -0.557791, -0.0180362, 0.597438, 0.801712, 0.666407, 0.108186, 9.13537 )
mushroom_color = 1
mushroom_shape = 5.48214

[node name="mushroom3" parent="mushrooms/entrance" instance=ExtResource( 20 )]
transform = Transform( 0.809099, -0.323554, -0.490583, 0, 0.83479, -0.550568, 0.587672, 0.445464, 0.675428, 1.74517, 0.207544, 6.26128 )
mushroom_color = 4
mushroom_shape = 3.97259

[node name="mushroom4" parent="mushrooms/entrance" instance=ExtResource( 20 )]
transform = Transform( 0.737808, 0.371639, 0.563493, 0, 0.83479, -0.550568, -0.675011, 0.406213, 0.615915, -0.578035, 1.6556, 6.26427 )
mushroom_color = 1
mushroom_shape = 0.670649

[node name="mushroom5" parent="mushrooms/entrance" instance=ExtResource( 20 )]
transform = Transform( 0.972415, -0.128425, -0.194722, 0, 0.83479, -0.550568, 0.233259, 0.535381, 0.811762, 0.730755, 1.16847, 6.25036 )
mushroom_shape = 0.282607

[node name="mushroom10" parent="mushrooms/entrance" instance=ExtResource( 20 )]
transform = Transform( 0.972415, -0.128425, -0.194722, 0, 0.83479, -0.550568, 0.233259, 0.535381, 0.811762, 0.730755, 2.35922, 6.25036 )
mushroom_color = 1
mushroom_shape = 6.6964

[node name="corridor" type="Spatial" parent="mushrooms"]

[node name="mushroom15" parent="mushrooms/corridor" instance=ExtResource( 20 )]
transform = Transform( 0.648935, -0.544491, -0.531425, -0.218191, 0.535951, -0.815566, 0.728887, 0.645202, 0.228994, 3.59701, 0.206692, -6.47997 )
mushroom_shape = 9
random_mushroom_shape = false

[node name="mushroom16" parent="mushrooms/corridor" instance=ExtResource( 20 )]
transform = Transform( 0.999919, 0.0122935, -0.00334562, -0.00883037, 0.479419, -0.877542, -0.0091841, 0.8775, 0.479488, 3.9443, 0.325371, -6.47939 )
mushroom_color = 4
mushroom_shape = 3
random_mushroom_shape = false

[node name="mushroom14" parent="mushrooms/corridor" instance=ExtResource( 20 )]
transform = Transform( 0.804666, -0.593728, 0, 0.593728, 0.804666, 0, 0, 0, 1, 1.53255, 0.223762, -2.8117 )
random_mushroom_shape = false

[node name="living_room" type="Spatial" parent="mushrooms"]

[node name="mushroom" parent="mushrooms/living_room" instance=ExtResource( 20 )]
transform = Transform( 1, 0, 0, 0, 0.117676, -0.993052, 0, 0.993052, 0.117676, 5.16732, 0.68655, 4.52181 )
mushroom_color = 1
mushroom_shape = 4.3272
is_stuck_in_ground = false

[node name="mushroom2" parent="mushrooms/living_room" instance=ExtResource( 20 )]
transform = Transform( -0.536799, 0.837848, 0.0992845, 0, 0.117676, -0.993052, -0.84371, -0.533069, -0.0631684, 4.68018, 0.68655, 4.48445 )
mushroom_color = 4
mushroom_shape = 4.51446
is_stuck_in_ground = false

[node name="windows" type="Spatial" parent="."]

[node name="window" parent="windows" instance=ExtResource( 8 )]
transform = Transform( 1, 0, 0, 0, 1, 0, 0, 0, 1, -3.92559, 1.46548, 5.85614 )

[node name="window2" parent="windows" instance=ExtResource( 8 )]
transform = Transform( 1, 0, 0, 0, 1, 0, 0, 0, 1, 4.22235, 1.46548, 5.85614 )

[node name="window3" parent="windows" instance=ExtResource( 8 )]
transform = Transform( 1, 0, 0, 0, 1, 0, 0, 0, 1, 4.20606, 5.46922, 5.85614 )

[node name="window4" parent="windows" instance=ExtResource( 8 )]
transform = Transform( 1, 0, 0, 0, 1, 0, 0, 0, 1, -3.91975, 5.46717, 5.85614 )

[node name="window5" parent="windows" instance=ExtResource( 8 )]
transform = Transform( 1, 0, 0, 0, 1, 0, 0, 0, 1, -5.84387, 1.7442, -9.81289 )

[node name="window6" parent="windows" instance=ExtResource( 8 )]
transform = Transform( 1, 0, 0, 0, 1, 0, 0, 0, 1, 2.76868, 1.7442, -9.8119 )

[node name="window7" parent="windows" instance=ExtResource( 8 )]
transform = Transform( 1, 0, 0, 0, 1, 0, 0, 0, 1, 6.62629, 1.64394, -9.81226 )

[node name="window8" parent="windows" instance=ExtResource( 8 )]
transform = Transform( -4.37114e-08, 0, -1, 0, 1, 0, 1, 0, -4.37114e-08, -8.18981, 1.46852, 2.74211 )

[node name="window9" parent="windows" instance=ExtResource( 8 )]
transform = Transform( -4.37114e-08, 0, -1, 0, 1, 0, 1, 0, -4.37114e-08, -8.18981, 5.48106, -3.52097 )

[node name="window10" parent="windows" instance=ExtResource( 8 )]
transform = Transform( -4.37114e-08, 0, -1, 0, 1, 0, 1, 0, -4.37114e-08, 8.19942, 5.48106, -3.52097 )

[node name="window11" parent="windows" instance=ExtResource( 8 )]
transform = Transform( -4.37114e-08, 0, -1, 0, 1, 0, 1, 0, -4.37114e-08, 8.19942, 1.47642, 2.86375 )

[node name="props" type="Spatial" parent="."]

[node name="corridor" type="Spatial" parent="props"]

[node name="painting1" parent="props/corridor" instance=ExtResource( 11 )]
transform = Transform( -2.62268e-08, -0.6, 2.62268e-08, 0, -2.62268e-08, -0.6, 0.6, -2.62268e-08, 1.14641e-15, 1.6573, 1.65249, 3.81675 )

[node name="painting2" parent="props/corridor" instance=ExtResource( 13 )]
transform = Transform( -2.62268e-08, -0.6, 2.62268e-08, 2.20231e-22, -2.62268e-08, -0.6, 0.6, -2.62268e-08, 1.14641e-15, 1.6345, 1.64576, 0.931516 )

[node name="painting3" parent="props/corridor" instance=ExtResource( 15 )]
transform = Transform( -2.62268e-08, -0.6, 2.62268e-08, 2.20231e-22, -2.62268e-08, -0.6, 0.6, -2.62268e-08, 1.14641e-15, 1.6454, 2.08081, -0.349214 )

[node name="painting4" parent="props/corridor" instance=ExtResource( 14 )]
transform = Transform( -2.62268e-08, -0.6, 2.62268e-08, 3.13408e-22, -2.62268e-08, -0.6, 0.6, -2.62268e-08, 1.14641e-15, 1.62593, 1.74134, -1.78237 )

[node name="painting5" parent="props/corridor" instance=ExtResource( 16 )]
transform = Transform( 1, 0, 0, 0, -4.37114e-08, -1, 0, 1, -4.37114e-08, 0, 2, -6.57862 )

[node name="painting6" parent="props/corridor" instance=ExtResource( 18 )]
transform = Transform( -4.37114e-08, -1, 4.37114e-08, 0, -4.37114e-08, -1, 1, -4.37114e-08, 1.91069e-15, 1.63131, 1.13403, -0.452446 )

[node name="painting7" parent="props/corridor" instance=ExtResource( 17 )]
transform = Transform( -4.37114e-08, 1, -4.37114e-08, 0, -4.37114e-08, -1, -1, -4.37114e-08, 1.91069e-15, -1.41254, 1.77747, 0.652341 )

[node name="painting8" parent="props/corridor" instance=ExtResource( 19 )]
transform = Transform( -4.37114e-08, -1, 4.37114e-08, 0, -4.37114e-08, -1, 1, -4.37114e-08, 1.91069e-15, 1.64953, 1.01434, -1.72376 )

[node name="porch" type="Spatial" parent="props"]

[node name="flower_pot" parent="props/porch" instance=ExtResource( 32 )]
transform = Transform( 1, 0, 0, 0, 1, 0, 0, 0, 1, -1.40959, 0.0657884, 6.45116 )
description = "?"

[node name="flower_pot2" parent="props/porch" instance=ExtResource( 32 )]
transform = Transform( 1, 0, 0, 0, 1, 0, 0, 0, 1, -1.63978, 0.0657884, 6.53967 )
description = "?"

[node name="flower_pot7" parent="props/porch" instance=ExtResource( 32 )]
transform = Transform( 1, 0, 0, 0, 1, 0, 0, 0, 1, -4.29953, 0.741177, 5.99908 )
description = "?"

[node name="flower_pot8" parent="props/porch" instance=ExtResource( 32 )]
transform = Transform( -1, 8.74228e-08, 0, -8.74228e-08, -1, 0, 0, 0, 1, -4.04419, 0.905408, 6.00552 )
description = "?"

[node name="flower_pot5" parent="props/porch" instance=ExtResource( 32 )]
transform = Transform( 1, 0, 0, 0, 1, 0, 0, 0, 1, -1.84185, 0.0657884, 6.47695 )
description = "?"

[node name="flower_pot14" parent="props/porch" instance=ExtResource( 32 )]
transform = Transform( 1, 0, 0, 0, 1, 0, 0, 0, 1, -4.49328, 0.199494, 8.5945 )
description = "?"

[node name="flower_pot15" parent="props/porch" instance=ExtResource( 32 )]
transform = Transform( 1, 0, 0, 0, 1, 0, 0, 0, 1, -3.71346, 0.0657884, 8.74136 )
description = "?"

[node name="flower_pot16" parent="props/porch" instance=ExtResource( 32 )]
transform = Transform( 1, 0, 0, 0, 1, 0, 0, 0, 1, -4.10351, 0.0657884, 8.6475 )
description = "?"

[node name="flower_pot3" parent="props/porch" instance=ExtResource( 32 )]
transform = Transform( 1, 0, 0, 0, 1, 0, 0, 0, 1, -1.678, 0.0657878, 6.22457 )
description = "?"
width = 2.0
height = 2.0

[node name="flower_pot13" parent="props/porch" instance=ExtResource( 32 )]
transform = Transform( 1, 0, 0, 0, 1, 0, 0, 0, 1, -4.95606, 0.0657884, 8.50878 )
description = "?"
width = 2.0
height = 2.0

[node name="flower_pot18" parent="props/porch" instance=ExtResource( 32 )]
transform = Transform( 1, 0, 0, 0, -1, 1.50996e-07, 0, -1.50996e-07, -1, -4.60816, 0.386575, 6.3248 )
description = "?"
width = 2.5
height = 2.0

[node name="flower_pot9" parent="props/porch" instance=ExtResource( 32 )]
transform = Transform( 1, 0, 0, 0, 1, 0, 0, 0, 1, 2.30074, 0.065788, 6.41576 )
description = "?"
width = 3.0
height = 2.0

[node name="flower_pot10" parent="props/porch" instance=ExtResource( 32 )]
transform = Transform( 1, 0, 0, 0, 1, 0, 0, 0, 1, 4.19292, 0.0657886, 6.57048 )
description = "?"
width = 3.0
height = 3.0

[node name="flower_pot11" parent="props/porch" instance=ExtResource( 32 )]
transform = Transform( 1, 0, 0, 0, 1, 0, 0, 0, 1, -5.50205, 0.0657886, 8.55045 )
description = "?"
width = 3.0
height = 3.0

[node name="flower_pot4" parent="props/porch" instance=ExtResource( 32 )]
transform = Transform( -1, -1.50996e-07, 0, 1.50996e-07, -1, 0, 0, 0, 1, -5.11164, 0.386575, 6.3408 )
description = "?"
width = 2.0
height = 2.0

[node name="flower_pot6" parent="props/porch" instance=ExtResource( 32 )]
transform = Transform( -1, -1.50996e-07, 0, 1.50996e-07, -1, 0, 0, 0, 1, -4.09445, 0.386575, 6.32718 )
description = "?"
width = 2.0
height = 2.0

[node name="flower_pot12" parent="props/porch" instance=ExtResource( 32 )]
transform = Transform( -1, -1.50996e-07, 0, 1.50996e-07, -1, 0, 0, 0, 1, -5.60247, 0.387788, 8.02456 )
description = "?"
width = 2.0
height = 2.0

[node name="cardboards" type="Spatial" parent="."]
transform = Transform( 0.0215008, 0, -0.999769, 0, 1, 0, 0.999769, 0, 0.0215008, 0.608705, -25.4001, 28.3043 )

[node name="attic" type="Spatial" parent="cardboards"]

[node name="attic_box_1" parent="cardboards/attic" instance=ExtResource( 7 )]
transform = Transform( 1, 0, 0, 0, 1, 0, 0, 0, 1, -37.4115, 29.119, -5.96661 )

[node name="attic_box_tipped_1" parent="cardboards/attic" instance=ExtResource( 7 )]
transform = Transform( -4.21748e-08, 0.964847, -0.262812, -1, -4.37114e-08, 0, -1.14879e-08, 0.262812, 0.964847, -37.4883, 29.3724, -5.32289 )

[node name="attic_box_tipped_2" parent="cardboards/attic" instance=ExtResource( 7 )]
transform = Transform( -4.21748e-08, 0.964847, -0.262812, -1, -4.37114e-08, 0, -1.14879e-08, 0.262812, 0.964847, -35.4353, 29.3724, -4.34302 )

[node name="attic_box_tipped_3" parent="cardboards/attic" instance=ExtResource( 7 )]
transform = Transform( -4.21748e-08, 0.964847, -0.262813, -1, -4.37114e-08, 0, -1.14879e-08, 0.262813, 0.964847, -36.4747, 29.3724, -0.293186 )

[node name="attic_box_tipped_4" parent="cardboards/attic" instance=ExtResource( 7 )]
transform = Transform( -1.69705e-08, 0.38824, 0.921559, -1, -4.37114e-08, 0, 4.02826e-08, -0.921559, 0.38824, -33.5056, 29.3724, 6.19955 )

[node name="attic_box_tipped_5" parent="cardboards/attic" instance=ExtResource( 7 )]
transform = Transform( -3.52882e-08, 0.807301, 0.590141, -1, -4.37114e-08, 0, 2.57959e-08, -0.590141, 0.807301, -32.8992, 29.3724, 6.90671 )

[node name="attic_box_tipped_6" parent="cardboards/attic" instance=ExtResource( 7 )]
transform = Transform( 8.78043e-09, -0.200873, 0.979619, -1, -4.37114e-08, 0, 4.28205e-08, -0.979618, -0.200873, -24.2961, 29.3724, 7.36533 )

[node name="attic_box_tipped_7" parent="cardboards/attic" instance=ExtResource( 7 )]
transform = Transform( 8.78043e-09, -0.200873, 0.979619, -1, -4.37114e-08, 0, 4.28205e-08, -0.979619, -0.200873, -23.147, 29.3724, 5.6119 )

[node name="attic_box_tipped_8" parent="cardboards/attic" instance=ExtResource( 7 )]
transform = Transform( 3.77441e-08, -0.863485, 0.504378, -1, -4.37114e-08, 0, 2.2047e-08, -0.504378, -0.863485, -23.8678, 29.3535, 1.91822 )

[node name="attic_box_tipped_9" parent="cardboards/attic" instance=ExtResource( 7 )]
transform = Transform( 3.77441e-08, -0.863485, 0.504378, -1, -4.37114e-08, 0, 2.2047e-08, -0.504378, -0.863485, -23.8191, 29.3535, -0.349826 )

[node name="attic_box_2" parent="cardboards/attic" instance=ExtResource( 7 )]
transform = Transform( 1, 0, 0, 0, 1, 0, 0, 0, 1, -37.2088, 29.119, -6.63947 )

[node name="attic_box_3" parent="cardboards/attic" instance=ExtResource( 7 )]
transform = Transform( 1, 0, 0, 0, 1, 0, 0, 0, 1, -37.2505, 29.119, -7.52788 )

[node name="attic_box_4" parent="cardboards/attic" instance=ExtResource( 7 )]
transform = Transform( 0.979873, 0, 0.199624, 0, 1, 0, -0.199624, 0, 0.979873, -36.5413, 29.119, -7.74003 )

[node name="attic_box_5" parent="cardboards/attic" instance=ExtResource( 7 )]
transform = Transform( 0.993379, 0, -0.114885, 0, 1, 0, 0.114885, 0, 0.993379, -36.487, 29.119, -6.77587 )

[node name="attic_box_41" parent="cardboards/attic" instance=ExtResource( 7 )]
transform = Transform( -0.101838, 0, 0.994802, 0, 1, 0, -0.994802, 0, -0.101838, -36.8421, 29.7209, -6.78351 )

[node name="attic_box_42" parent="cardboards/attic" instance=ExtResource( 7 )]
transform = Transform( 0.169952, 0, 0.985453, 0, 1, 0, -0.985453, 0, 0.169952, -36.9718, 29.7209, -7.70928 )

[node name="attic_box_43" parent="cardboards/attic" instance=ExtResource( 7 )]
transform = Transform( 0.169952, 0, 0.985453, 0, 1, 0, -0.985453, 0, 0.169952, -34.7931, 29.7209, -3.31627 )

[node name="attic_box_44" parent="cardboards/attic" instance=ExtResource( 7 )]
transform = Transform( 0.169952, 0, 0.985454, 0, 1, 0, -0.985454, 0, 0.169952, -37.1644, 29.7209, 1.07664 )

[node name="attic_box_45" parent="cardboards/attic" instance=ExtResource( 7 )]
transform = Transform( 0.0346205, 0, 0.999402, 0, 1, 0, -0.999402, 0, 0.0346205, -37.15, 29.7209, 0.406229 )

[node name="attic_box_46" parent="cardboards/attic" instance=ExtResource( 7 )]
transform = Transform( 0.0346205, 0, 0.999402, 0, 1, 0, -0.999402, 0, 0.0346205, -34.2053, 29.7209, 7.32632 )

[node name="attic_box_47" parent="cardboards/attic" instance=ExtResource( 7 )]
transform = Transform( -0.0815385, 0, 0.996672, 0, 1, 0, -0.996672, 0, -0.0815385, -33.5503, 29.7209, 7.3404 )

[node name="attic_box_54" parent="cardboards/attic" instance=ExtResource( 7 )]
transform = Transform( -0.0815385, 0, 0.996672, 0, 1, 0, -0.996672, 0, -0.0815385, -31.1236, 30.1527, 6.9366 )

[node name="attic_box_55" parent="cardboards/attic" instance=ExtResource( 7 )]
transform = Transform( -0.509028, 0, 0.860753, 0, 1, 0, -0.860753, 0, -0.509028, -31.4996, 30.1527, 6.18393 )

[node name="attic_box_48" parent="cardboards/attic" instance=ExtResource( 7 )]
transform = Transform( -0.0815385, 0, 0.996672, 0, 1, 0, -0.996672, 0, -0.0815385, -34.1679, 29.7209, 6.59415 )

[node name="attic_box_49" parent="cardboards/attic" instance=ExtResource( 7 )]
transform = Transform( -0.0815385, 0, 0.996672, 0, 1, 0, -0.996672, 0, -0.0815385, -23.1427, 29.7209, 7.73155 )

[node name="attic_box_50" parent="cardboards/attic" instance=ExtResource( 7 )]
transform = Transform( -0.0815385, 0, 0.996672, 0, 1, 0, -0.996672, 0, -0.0815385, -22.9957, 29.7209, 0.892641 )

[node name="attic_box_51" parent="cardboards/attic" instance=ExtResource( 7 )]
transform = Transform( 0.0504886, 0, 0.998727, 0, 1, 0, -0.998727, 0, 0.0504886, -22.9818, 29.7209, 0.245397 )

[node name="attic_box_52" parent="cardboards/attic" instance=ExtResource( 7 )]
transform = Transform( -0.0419978, 0, 0.99912, 0, 1, 0, -0.99912, 0, -0.0419978, -22.9676, 29.7209, -0.414021 )

