[gd_scene load_steps=8 format=2]

[ext_resource path="res://forest/landscape.tscn" type="PackedScene" id=1]
[ext_resource path="res://forest/PineTree.tscn" type="PackedScene" id=2]
[ext_resource path="res://forest/bush.tscn" type="PackedScene" id=3]
[ext_resource path="res://forest/fallen_trunk.tscn" type="PackedScene" id=4]
[ext_resource path="res://items/mushrooms-group.tscn" type="PackedScene" id=5]
[ext_resource path="res://forest/shrub.tscn" type="PackedScene" id=6]
[ext_resource path="res://forest/wooden_fence.tscn" type="PackedScene" id=7]

[node name="forest" type="Spatial"]

[node name="landscape" parent="." instance=ExtResource( 1 )]

[node name="trees" type="Node" parent="."]

[node name="PineTree" parent="trees" instance=ExtResource( 2 )]
transform = Transform( 1, 0, 0, 0, 1, 0, 0, 0, 1, 52.4409, 7.56532, 17.6915 )

[node name="PineTree32" parent="trees" instance=ExtResource( 2 )]
transform = Transform( 1, 0, 0, 0, 1, 0, 0, 0, 1, -4.90108, -0.387687, 76.4574 )

[node name="PineTree34" parent="trees" instance=ExtResource( 2 )]
transform = Transform( 1, 0, 0, 0, 1, 0, 0, 0, 1, -11.9414, -0.387687, 74.7342 )

[node name="PineTree18" parent="trees" instance=ExtResource( 2 )]
transform = Transform( 2.14113, 0, 0, 0, 0.648555, 0, 0, 0, 2.25987, 86.6065, -0.13067, 19.601 )

[node name="PineTree19" parent="trees" instance=ExtResource( 2 )]
transform = Transform( 2.14113, 0, 0, 0, 0.648555, 0, 0, 0, 2.25987, 59.7751, 0.274463, 53.5739 )

[node name="PineTree20" parent="trees" instance=ExtResource( 2 )]
transform = Transform( 2.14113, 0, 0, 0, 0.648555, 0, 0, 0, 2.25987, 59.7751, 0.274463, 53.5739 )

[node name="PineTree21" parent="trees" instance=ExtResource( 2 )]
transform = Transform( 2.141, 0, 0, 0, 1, 0, 0, 0, 2.26, 87.237, 0.274462, 92.411 )

[node name="PineTree22" parent="trees" instance=ExtResource( 2 )]
transform = Transform( 2.141, 0, 0, 0, 1, 0, 0, 0, 2.26, 91.1528, 0.274462, 86.666 )

[node name="PineTree23" parent="trees" instance=ExtResource( 2 )]
transform = Transform( 2.141, 0, 0, 0, 1, 0, 0, 0, 2.26, 96.7634, -1.04414, 49.073 )

[node name="PineTree24" parent="trees" instance=ExtResource( 2 )]
transform = Transform( 2.14113, 0, 0, 0, 0.648555, 0, 0, 0, 2.25987, 99.3258, 0.274462, 64.3414 )

[node name="PineTree25" parent="trees" instance=ExtResource( 2 )]
transform = Transform( 2.14113, 0, 0, 0, 0.648555, 0, 0, 0, 2.25987, 63.6785, 0.274462, 94.063 )

[node name="PineTree26" parent="trees" instance=ExtResource( 2 )]
transform = Transform( 2.141, 0, 0, 0, 1, 0, 0, 0, 2.26, 35.1426, -2.52755, 98.0143 )

[node name="PineTree27" parent="trees" instance=ExtResource( 2 )]
transform = Transform( 2.141, 0, 0, 0, 1, 0, 0, 0, 2.26, 24.7659, 0.274462, 93.4582 )

[node name="PineTree28" parent="trees" instance=ExtResource( 2 )]
transform = Transform( 2.14113, 0, 0, 0, 0.648555, 0, 0, 0, 2.25987, -1.95843, 0.274462, 61.8838 )

[node name="PineTree29" parent="trees" instance=ExtResource( 2 )]
transform = Transform( 2.14113, 0, 0, 0, 0.648555, 0, 0, 0, 2.25987, -7.62254, 0.274462, 70.3164 )

[node name="PineTree31" parent="trees" instance=ExtResource( 2 )]
transform = Transform( 2.14113, 0, 0, 0, 0.648555, 0, 0, 0, 2.25987, -7.77997, 0.274462, 85.585 )

[node name="PineTree2" parent="trees" instance=ExtResource( 2 )]
transform = Transform( 1, 0, 0, 0, 1, 0, 0, 0, 1, 39.4291, 9.53674e-07, 60.4713 )

[node name="PineTree14" parent="trees" instance=ExtResource( 2 )]
transform = Transform( 1, 0, 0, 0, 1, 0, 0, 0, 1, 13.6259, 9.53674e-07, 37.0401 )

[node name="PineTree15" parent="trees" instance=ExtResource( 2 )]
transform = Transform( 1, 0, 0, 0, 1, 0, 0, 0, 1, 21.3168, 9.53674e-07, 36.245 )

[node name="PineTree16" parent="trees" instance=ExtResource( 2 )]
transform = Transform( 1, 0, 0, 0, 1, 0, 0, 0, 1, 31.2015, 9.53674e-07, 38.4646 )

[node name="PineTree17" parent="trees" instance=ExtResource( 2 )]
transform = Transform( 1, 0, 0, 0, 1, 0, 0, 0, 1, 73.4903, 9.53674e-07, 70.1323 )

[node name="PineTree45" parent="trees" instance=ExtResource( 2 )]
transform = Transform( 1, 0, 0, 0, 1, 0, 0, 0, 1, 80.5956, 9.53674e-07, 76.9823 )

[node name="PineTree46" parent="trees" instance=ExtResource( 2 )]
transform = Transform( 1, 0, 0, 0, 1, 0, 0, 0, 1, 76.7869, 9.53674e-07, 60.3959 )

[node name="PineTree47" parent="trees" instance=ExtResource( 2 )]
transform = Transform( 1, 0, 0, 0, 1, 0, 0, 0, 1, 72.6512, 9.53674e-07, 51.3912 )

[node name="PineTree48" parent="trees" instance=ExtResource( 2 )]
transform = Transform( 1, 0, 0, 0, 1, 0, 0, 0, 1, 72.3519, -3.41061e-13, 43.0968 )

[node name="PineTree3" parent="trees" instance=ExtResource( 2 )]
transform = Transform( 1, 0, 0, 0, 1, 0, 0, 0, 1, 41.4724, 9.53674e-07, 42.6584 )

[node name="PineTree35" parent="trees" instance=ExtResource( 2 )]
transform = Transform( 1, 0, 0, 0, 1, 0, 0, 0, 1, 44.0357, 9.53674e-07, 48.5938 )

[node name="PineTree36" parent="trees" instance=ExtResource( 2 )]
transform = Transform( 1, 0, 0, 0, 1, 0, 0, 0, 1, 18.4225, 9.53674e-07, 54.7074 )

[node name="PineTree37" parent="trees" instance=ExtResource( 2 )]
transform = Transform( 1, 0, 0, 0, 1, 0, 0, 0, 1, 26.7198, -0.194692, 55.4284 )

[node name="PineTree38" parent="trees" instance=ExtResource( 2 )]
transform = Transform( 1, 0, 0, 0, 1, 0, 0, 0, 1, 24.5006, -0.194692, 43.4528 )

[node name="PineTree39" parent="trees" instance=ExtResource( 2 )]
transform = Transform( 1, 0, 0, 0, 1, 0, 0, 0, 1, 30.6568, -0.194692, 92.5067 )

[node name="PineTree40" parent="trees" instance=ExtResource( 2 )]
transform = Transform( 1, 0, 0, 0, 1, 0, 0, 0, 1, 5.05505, -0.85108, 92.5067 )

[node name="PineTree41" parent="trees" instance=ExtResource( 2 )]
transform = Transform( 1, 0, 0, 0, 1, 0, 0, 0, 1, -7.00863, -0.85108, 80.3179 )

[node name="PineTree42" parent="trees" instance=ExtResource( 2 )]
transform = Transform( 1, 0, 0, 0, 1, 0, 0, 0, 1, 54.2238, -0.85108, 94.1589 )

[node name="PineTree43" parent="trees" instance=ExtResource( 2 )]
transform = Transform( 1, 0, 0, 0, 1, 0, 0, 0, 1, 45.6373, -0.851079, 94.7008 )

[node name="PineTree44" parent="trees" instance=ExtResource( 2 )]
transform = Transform( 1, 0, 0, 0, 1, 0, 0, 0, 1, 10.5934, -0.85108, 91.8922 )

[node name="PineTree4" parent="trees" instance=ExtResource( 2 )]
transform = Transform( 1, 0, 0, 0, 1, 0, 0, 0, 1, 54.0772, 9.53674e-07, 40.5956 )

[node name="PineTree5" parent="trees" instance=ExtResource( 2 )]
transform = Transform( 1, 0, 0, 0, 1, 0, 0, 0, 1, 73.5917, 9.53674e-07, 20.9675 )

[node name="PineTree6" parent="trees" instance=ExtResource( 2 )]
transform = Transform( 1, 0, 0, 0, 1, 0, 0, 0, 1, 39.1881, 7.7487, -23.3269 )

[node name="PineTree30" parent="trees" instance=ExtResource( 2 )]
transform = Transform( 1, 0, 0, 0, 1, 0, 0, 0, 1, 45.3621, 8.43449, -15.1854 )

[node name="PineTree33" parent="trees" instance=ExtResource( 2 )]
transform = Transform( 1, 0, 0, 0, 1, 0, 0, 0, 1, 39.7828, 10.111, -9.46241 )

[node name="PineTree7" parent="trees" instance=ExtResource( 2 )]
transform = Transform( 1, 0, 0, 0, 1, 0, 0, 0, 1, 48.5483, 3.26599, -52.1196 )

[node name="PineTree8" parent="trees" instance=ExtResource( 2 )]
transform = Transform( 1, 0, 0, 0, 1, 0, 0, 0, 1, -1.91246, 17.3588, 25.5164 )

[node name="PineTree9" parent="trees" instance=ExtResource( 2 )]
transform = Transform( 1, 0, 0, 0, 1, 0, 0, 0, 1, -3.30614, 14.8624, 30.719 )

[node name="PineTree10" parent="trees" instance=ExtResource( 2 )]
transform = Transform( 1, 0, 0, 0, 1, 0, 0, 0, 1, -8.44307, 18.7481, 35.2554 )

[node name="PineTree11" parent="trees" instance=ExtResource( 2 )]
transform = Transform( 1, 0, 0, 0, 1, 0, 0, 0, 1, -12.7837, 18.7481, 37.4005 )

[node name="PineTree12" parent="trees" instance=ExtResource( 2 )]
transform = Transform( 1, 0, 0, 0, 1, 0, 0, 0, 1, -45.0084, 18.7481, 38.1487 )

[node name="PineTree13" parent="trees" instance=ExtResource( 2 )]
transform = Transform( 1, 0, 0, 0, 1, 0, 0, 0, 1, -21.8354, 16.9281, 39.8101 )

[node name="bushes" type="Node" parent="."]

[node name="bush" parent="bushes" instance=ExtResource( 3 )]
transform = Transform( 1, 0, 0, 0, 1, 0, 0, 0, 1, -3.50478, 0, 75.8055 )

[node name="bush99" parent="bushes" instance=ExtResource( 3 )]
transform = Transform( 1, 0, 0, 0, 1, 0, 0, 0, 1, 90.9937, 0, 49.7819 )

[node name="bush100" parent="bushes" instance=ExtResource( 3 )]
transform = Transform( 1, 0, 0, 0, 1, 0, 0, 0, 1, 91.3776, 0, 63.6706 )

[node name="bush101" parent="bushes" instance=ExtResource( 3 )]
transform = Transform( 1, 0, 0, 0, 1, 0, 0, 0, 1, 91.3776, 0, 63.6706 )

[node name="bush102" parent="bushes" instance=ExtResource( 3 )]
transform = Transform( 1, 0, 0, 0, 1, 0, 0, 0, 1, 88.9578, -9.53674e-07, 60.1124 )

[node name="bush103" parent="bushes" instance=ExtResource( 3 )]
transform = Transform( 1, 0, 0, 0, 1, 0, 0, 0, 1, 88.8012, -9.53674e-07, 54.3708 )

[node name="bush104" parent="bushes" instance=ExtResource( 3 )]
transform = Transform( 1, 0, 0, 0, 1, 0, 0, 0, 1, 88.89, -1.90735e-06, 41.9977 )

[node name="bush126" parent="bushes" instance=ExtResource( 3 )]
transform = Transform( 1, 0, 0, 0, 1, 0, 0, 0, 1, 90.5719, -1.90735e-06, 48.0215 )

[node name="bush127" parent="bushes" instance=ExtResource( 3 )]
transform = Transform( 1, 0, 0, 0, 1, 0, 0, 0, 1, 89.9546, -1.90735e-06, 49.5232 )

[node name="bush105" parent="bushes" instance=ExtResource( 3 )]
transform = Transform( 1, 0, 0, 0, 1, 0, 0, 0, 1, 91.3432, -0.215758, 38.0196 )

[node name="bush106" parent="bushes" instance=ExtResource( 3 )]
transform = Transform( 1.96221, 0, 0, 0, 2.24137, 0, 0, 0, 1.7891, 93.0667, -0.318666, 37.0534 )

[node name="bush90" parent="bushes" instance=ExtResource( 3 )]
transform = Transform( 1, 0, 0, 0, 1, 0, 0, 0, 1, 70.4249, 0.128303, 36.2849 )

[node name="bush91" parent="bushes" instance=ExtResource( 3 )]
transform = Transform( 1, 0, 0, 0, 1, 0, 0, 0, 1, 71.1262, 0.128303, 38.0321 )

[node name="bush92" parent="bushes" instance=ExtResource( 3 )]
transform = Transform( 1, 0, 0, 0, 1, 0, 0, 0, 1, 67.5947, 0.128303, 50.276 )

[node name="bush93" parent="bushes" instance=ExtResource( 3 )]
transform = Transform( 1, 0, 0, 0, 1, 0, 0, 0, 1, 67.5947, -0.628859, 52.4466 )

[node name="bush94" parent="bushes" instance=ExtResource( 3 )]
transform = Transform( 1, 0, 0, 0, 1, 0, 0, 0, 1, 67.5947, 0.226114, 44.8002 )

[node name="bush95" parent="bushes" instance=ExtResource( 3 )]
transform = Transform( 1, 0, 0, 0, 1, 0, 0, 0, 1, 66.0334, 0.226114, 47.8777 )

[node name="bush96" parent="bushes" instance=ExtResource( 3 )]
transform = Transform( 1, 0, 0, 0, 1, 0, 0, 0, 1, 69.0654, 0.226114, 39.8556 )

[node name="bush97" parent="bushes" instance=ExtResource( 3 )]
transform = Transform( 1, 0, 0, 0, 1, 0, 0, 0, 1, 67.7112, 0.226114, 42.0123 )

[node name="bush98" parent="bushes" instance=ExtResource( 3 )]
transform = Transform( 1, 0, 0, 0, 1, 0, 0, 0, 1, 67.7112, 0.226114, 42.0123 )

[node name="bush24" parent="bushes" instance=ExtResource( 3 )]
transform = Transform( 1, 0, 0, 0, 1, 0, 0, 0, 1, 1.35718, 0, 86.6791 )

[node name="bush25" parent="bushes" instance=ExtResource( 3 )]
transform = Transform( 1, 0, 0, 0, 1, 0, 0, 0, 1, 3.6564, -0.442169, 87.9287 )

[node name="bush26" parent="bushes" instance=ExtResource( 3 )]
transform = Transform( 1, 0, 0, 0, 1, 0, 0, 0, 1, -4.87577, -0.442169, 81.8018 )

[node name="bush27" parent="bushes" instance=ExtResource( 3 )]
transform = Transform( 1, 0, 0, 0, 1, 0, 0, 0, 1, -3.99886, -0.442168, 80.7735 )

[node name="bush28" parent="bushes" instance=ExtResource( 3 )]
transform = Transform( 1, 0, 0, 0, 1, 0, 0, 0, 1, -6.2534, -0.442168, 83.1175 )

[node name="bush29" parent="bushes" instance=ExtResource( 3 )]
transform = Transform( 1, 0, 0, 0, 1, 0, 0, 0, 1, -4.98831, -0.442169, 83.798 )

[node name="bush30" parent="bushes" instance=ExtResource( 3 )]
transform = Transform( 1, 0, 0, 0, 1, 0, 0, 0, 1, -3.00265, -0.442169, 84.2601 )

[node name="bush31" parent="bushes" instance=ExtResource( 3 )]
transform = Transform( 1, 0, 0, 0, 1, 0, 0, 0, 1, -3.00265, -0.442169, 84.2601 )

[node name="bush32" parent="bushes" instance=ExtResource( 3 )]
transform = Transform( 1, 0, 0, 0, 1, 0, 0, 0, 1, 7.70565, -0.442169, 91.6543 )

[node name="bush33" parent="bushes" instance=ExtResource( 3 )]
transform = Transform( 1, 0, 0, 0, 1, 0, 0, 0, 1, 9.36761, -0.442169, 90.9686 )

[node name="bush34" parent="bushes" instance=ExtResource( 3 )]
transform = Transform( 1, 0, 0, 0, 1, 0, 0, 0, 1, 24.4993, -0.230764, 66.6725 )

[node name="bush6" parent="bushes" instance=ExtResource( 3 )]
transform = Transform( 1, 0, 0, 0, 1, 0, 0, 0, 1, 2.80878, 0, 67.116 )

[node name="bush7" parent="bushes" instance=ExtResource( 3 )]
transform = Transform( 1, 0, 0, 0, 1, 0, 0, 0, 1, 2.99058, 0, 65.6965 )

[node name="bush8" parent="bushes" instance=ExtResource( 3 )]
transform = Transform( 1, 0, 0, 0, 1, 0, 0, 0, 1, 1.62434, 0, 63.9364 )

[node name="bush9" parent="bushes" instance=ExtResource( 3 )]
transform = Transform( 1, 0, 0, 0, 1, 0, 0, 0, 1, 0.906952, 0, 62.0766 )

[node name="bush10" parent="bushes" instance=ExtResource( 3 )]
transform = Transform( 1, 0, 0, 0, 1, 0, 0, 0, 1, -2.78058, 0, 59.6754 )

[node name="bush11" parent="bushes" instance=ExtResource( 3 )]
transform = Transform( 1, 0, 0, 0, 1, 0, 0, 0, 1, -1.78058, 0, 59.6754 )

[node name="bush12" parent="bushes" instance=ExtResource( 3 )]
transform = Transform( 1, 0, 0, 0, 1, 0, 0, 0, 1, -0.539584, 0, 60.8303 )

[node name="bush13" parent="bushes" instance=ExtResource( 3 )]
transform = Transform( 0.386503, 0, 1.34559, 0, 1.1193, 0, -1.34559, 0, 0.386503, -3.11998, 0, 78.62 )

[node name="bush14" parent="bushes" instance=ExtResource( 3 )]
transform = Transform( 0.386503, 0, 1.34559, 0, 1.1193, 0, -1.34559, 0, 0.386503, -5.55505, 0, 73.9705 )

[node name="bush15" parent="bushes" instance=ExtResource( 3 )]
transform = Transform( 0.386503, 0, 1.34559, 0, 1.1193, 0, -1.34559, 0, 0.386503, -1.60553, -4.76837e-07, 68.1811 )

[node name="bush16" parent="bushes" instance=ExtResource( 3 )]
transform = Transform( 0.386503, 0, 1.34559, 0, 1.1193, 0, -1.34559, 0, 0.386503, -1.07144, -4.76837e-07, 85.9229 )

[node name="bush17" parent="bushes" instance=ExtResource( 3 )]
transform = Transform( 0.386503, 0, 1.34559, 0, 1.1193, 0, -1.34559, 0, 0.386503, -1.07144, -4.76837e-07, 85.9229 )

[node name="bush18" parent="bushes" instance=ExtResource( 3 )]
transform = Transform( 0.386503, 0, 1.34559, 0, 1.1193, 0, -1.34559, 0, 0.386503, 5.73475, -4.76837e-07, 89.7787 )

[node name="bush19" parent="bushes" instance=ExtResource( 3 )]
transform = Transform( -0.912233, 0, -1.06199, 0, 1.1193, 0, 1.06199, 0, -0.912233, 5.73475, -4.76837e-07, 89.7787 )

[node name="bush20" parent="bushes" instance=ExtResource( 3 )]
transform = Transform( -0.912233, 0, -1.06199, 0, 1.1193, 0, 1.06199, 0, -0.912233, 11.4902, -0.339982, 89.7787 )

[node name="bush35" parent="bushes" instance=ExtResource( 3 )]
transform = Transform( -0.912233, 0, -1.06199, 0, 1.1193, 0, 1.06199, 0, -0.912233, 26.3827, 0.088351, 64.2472 )

[node name="bush36" parent="bushes" instance=ExtResource( 3 )]
transform = Transform( -0.912233, 0, -1.06199, 0, 1.1193, 0, 1.06199, 0, -0.912233, 40.6578, 0.0883505, 61.6022 )

[node name="bush37" parent="bushes" instance=ExtResource( 3 )]
transform = Transform( -0.912233, 0, -1.06199, 0, 1.1193, 0, 1.06199, 0, -0.912233, 31.29, 0.0883505, 50.9309 )

[node name="bush38" parent="bushes" instance=ExtResource( 3 )]
transform = Transform( -0.912233, 0, -1.06199, 0, 1.1193, 0, 1.06199, 0, -0.912233, 22.8047, 0.0883505, 51.2875 )

[node name="bush39" parent="bushes" instance=ExtResource( 3 )]
transform = Transform( -0.912233, 0, -1.06199, 0, 1.1193, 0, 1.06199, 0, -0.912233, 28.3651, 0.0883505, 57.9491 )

[node name="bush40" parent="bushes" instance=ExtResource( 3 )]
transform = Transform( -0.912233, 0, -1.06199, 0, 1.1193, 0, 1.06199, 0, -0.912233, 34.227, 0.0883505, 50.1173 )

[node name="bush41" parent="bushes" instance=ExtResource( 3 )]
transform = Transform( -0.912233, 0, -1.06199, 0, 1.1193, 0, 1.06199, 0, -0.912233, 34.227, 0.0883505, 50.1173 )

[node name="bush42" parent="bushes" instance=ExtResource( 3 )]
transform = Transform( -0.912233, 0, -1.06199, 0, 1.1193, 0, 1.06199, 0, -0.912233, 19.7629, 0.0883486, 90.265 )

[node name="bush43" parent="bushes" instance=ExtResource( 3 )]
transform = Transform( -0.912233, 0, -1.06199, 0, 1.1193, 0, 1.06199, 0, -0.912233, 23.0373, 0.0883486, 90.4438 )

[node name="bush44" parent="bushes" instance=ExtResource( 3 )]
transform = Transform( -0.912233, 0, -1.06199, 0, 1.1193, 0, 1.06199, 0, -0.912233, 26.517, 0.0883486, 90.5396 )

[node name="bush45" parent="bushes" instance=ExtResource( 3 )]
transform = Transform( -0.912233, 0, -1.06199, 0, 1.1193, 0, 1.06199, 0, -0.912233, 29.4225, 0.0883486, 89.9559 )

[node name="bush46" parent="bushes" instance=ExtResource( 3 )]
transform = Transform( -0.912233, 0, -1.06199, 0, 1.1193, 0, 1.06199, 0, -0.912233, 32.5162, 0.0883486, 89.6496 )

[node name="bush47" parent="bushes" instance=ExtResource( 3 )]
transform = Transform( -0.912233, 0, -1.06199, 0, 1.1193, 0, 1.06199, 0, -0.912233, 33.7071, 0.0883486, 92.2678 )

[node name="bush48" parent="bushes" instance=ExtResource( 3 )]
transform = Transform( -1.68589, 0, -1.96265, 0, 2.20556, 0, 1.96265, 0, -1.68589, 36.7683, 0.0883486, 91.8014 )

[node name="bush114" parent="bushes" instance=ExtResource( 3 )]
transform = Transform( -1.68589, 0, -1.96265, 0, 2.20556, 0, 1.96265, 0, -1.68589, 33.4785, 0.0883486, 93.6867 )

[node name="bush115" parent="bushes" instance=ExtResource( 3 )]
transform = Transform( -1.68589, 0, -1.96265, 0, 2.20556, 0, 1.96265, 0, -1.68589, 27.9174, 0.0883486, 92.928 )

[node name="bush49" parent="bushes" instance=ExtResource( 3 )]
transform = Transform( -0.912233, 0, -1.06199, 0, 1.1193, 0, 1.06199, 0, -0.912233, 39.9291, 0.0883486, 91.2481 )

[node name="bush50" parent="bushes" instance=ExtResource( 3 )]
transform = Transform( -0.912233, 0, -1.06199, 0, 1.1193, 0, 1.06199, 0, -0.912233, 39.9291, 0.0883486, 91.2481 )

[node name="bush51" parent="bushes" instance=ExtResource( 3 )]
transform = Transform( -0.912233, 0, -1.06199, 0, 1.1193, 0, 1.06199, 0, -0.912233, 45.8422, 0.0883486, 84.3582 )

[node name="bush52" parent="bushes" instance=ExtResource( 3 )]
transform = Transform( -0.912233, 0, -1.06199, 0, 1.1193, 0, 1.06199, 0, -0.912233, 37.1666, 0.0883477, 71.0542 )

[node name="bush53" parent="bushes" instance=ExtResource( 3 )]
transform = Transform( -0.912233, 0, -1.06199, 0, 1.1193, 0, 1.06199, 0, -0.912233, 45.025, 0.0883477, 69.8419 )

[node name="bush54" parent="bushes" instance=ExtResource( 3 )]
transform = Transform( -0.912233, 0, -1.06199, 0, 1.1193, 0, 1.06199, 0, -0.912233, 47.0888, 0.0883477, 72.5583 )

[node name="bush55" parent="bushes" instance=ExtResource( 3 )]
transform = Transform( -0.912233, 0, -1.06199, 0, 1.1193, 0, 1.06199, 0, -0.912233, 58.3104, 0.0883477, 65.0251 )

[node name="bush56" parent="bushes" instance=ExtResource( 3 )]
transform = Transform( -0.912233, 0, -1.06199, 0, 1.1193, 0, 1.06199, 0, -0.912233, 53.1654, 0.0883467, 66.4693 )

[node name="bush57" parent="bushes" instance=ExtResource( 3 )]
transform = Transform( -0.912233, 0, -1.06199, 0, 1.1193, 0, 1.06199, 0, -0.912233, 63.9912, 0.0883467, 62.3991 )

[node name="bush58" parent="bushes" instance=ExtResource( 3 )]
transform = Transform( -0.912233, 0, -1.06199, 0, 1.1193, 0, 1.06199, 0, -0.912233, 63.9912, 0.0883467, 62.3991 )

[node name="bush59" parent="bushes" instance=ExtResource( 3 )]
transform = Transform( -0.912233, 0, -1.06199, 0, 1.1193, 0, 1.06199, 0, -0.912233, 65.0207, 0.0883467, 28.7641 )

[node name="bush60" parent="bushes" instance=ExtResource( 3 )]
transform = Transform( -0.912233, 0, -1.06199, 0, 1.1193, 0, 1.06199, 0, -0.912233, 64.4677, 0.0883467, 31.3717 )

[node name="bush61" parent="bushes" instance=ExtResource( 3 )]
transform = Transform( -0.912233, 0, -1.06199, 0, 1.1193, 0, 1.06199, 0, -0.912233, 67.8424, 0.0883448, 31.0435 )

[node name="bush62" parent="bushes" instance=ExtResource( 3 )]
transform = Transform( -0.912233, 0, -1.06199, 0, 1.1193, 0, 1.06199, 0, -0.912233, 69.6918, 0.0883429, 33.5444 )

[node name="bush63" parent="bushes" instance=ExtResource( 3 )]
transform = Transform( -0.912233, 0, -1.06199, 0, 1.1193, 0, 1.06199, 0, -0.912233, 71.8542, 0.0883429, 32.2638 )

[node name="bush64" parent="bushes" instance=ExtResource( 3 )]
transform = Transform( -0.912233, 0, -1.06199, 0, 1.1193, 0, 1.06199, 0, -0.912233, 73.7711, 0.0883448, 30.1481 )

[node name="bush65" parent="bushes" instance=ExtResource( 3 )]
transform = Transform( -0.912233, 0, -1.06199, 0, 1.1193, 0, 1.06199, 0, -0.912233, 75.6185, 0.0883467, 28.8641 )

[node name="bush66" parent="bushes" instance=ExtResource( 3 )]
transform = Transform( -0.912233, 0, -1.06199, 0, 1.1193, 0, 1.06199, 0, -0.912233, 74.3872, 0.0883467, 25.6725 )

[node name="bush67" parent="bushes" instance=ExtResource( 3 )]
transform = Transform( -0.912233, 0, -1.06199, 0, 1.1193, 0, 1.06199, 0, -0.912233, 73.9601, 0.0883467, 22.5564 )

[node name="bush68" parent="bushes" instance=ExtResource( 3 )]
transform = Transform( -0.912233, 0, -1.06199, 0, 1.1193, 0, 1.06199, 0, -0.912233, 73.9601, 0.0883467, 22.5564 )

[node name="bush69" parent="bushes" instance=ExtResource( 3 )]
transform = Transform( -0.912233, 0, -1.06199, 0, 1.1193, 0, 1.06199, 0, -0.912233, 83.7293, 0.0883467, 18.7954 )

[node name="bush70" parent="bushes" instance=ExtResource( 3 )]
transform = Transform( -0.912233, 0, -1.06199, 0, 1.1193, 0, 1.06199, 0, -0.912233, 86.4912, 0.0883467, 17.5113 )

[node name="bush71" parent="bushes" instance=ExtResource( 3 )]
transform = Transform( -0.912233, 0, -1.06199, 0, 1.1193, 0, 1.06199, 0, -0.912233, 88.8059, -0.583364, 18.1988 )

[node name="bush72" parent="bushes" instance=ExtResource( 3 )]
transform = Transform( -0.912233, 0, -1.06199, 0, 1.1193, 0, 1.06199, 0, -0.912233, 88.8059, -0.583364, 18.1988 )

[node name="bush73" parent="bushes" instance=ExtResource( 3 )]
transform = Transform( -0.912233, 0, -1.06199, 0, 1.1193, 0, 1.06199, 0, -0.912233, 89.7543, -0.583364, 20.5488 )

[node name="bush74" parent="bushes" instance=ExtResource( 3 )]
transform = Transform( -0.912233, 0, -1.06199, 0, 1.1193, 0, 1.06199, 0, -0.912233, 91.2636, -0.583364, 23.0261 )

[node name="bush75" parent="bushes" instance=ExtResource( 3 )]
transform = Transform( -0.912233, 0, -1.06199, 0, 1.1193, 0, 1.06199, 0, -0.912233, 92.5433, 0.085253, 25.6756 )

[node name="bush76" parent="bushes" instance=ExtResource( 3 )]
transform = Transform( 1.16975, 0, -3.89903, 0, 3.97583, 0, 5.53985, 0, 0.823288, 93.3521, -0.572218, 31.7599 )

[node name="bush77" parent="bushes" instance=ExtResource( 3 )]
transform = Transform( -0.114526, 0, -3.98418, 0, 4.59853, 0, 5.66084, 0, -0.080605, 93.5929, -0.572218, 43.2954 )

[node name="bush78" parent="bushes" instance=ExtResource( 3 )]
transform = Transform( -0.114526, 0, -3.98418, 0, 2.38, 0, 5.66084, 0, -0.080605, 93.5866, -0.572218, 56.3401 )

[node name="bush79" parent="bushes" instance=ExtResource( 3 )]
transform = Transform( -1.67911, 0, -3.80573, 0, 4.75642, 0, 5.40729, 0, -1.18179, 86.6347, -0.572218, 69.0888 )

[node name="bush80" parent="bushes" instance=ExtResource( 3 )]
transform = Transform( -1.67911, 0, -3.80573, 0, 2.38, 0, 5.40729, 0, -1.18179, 93.7269, -0.572218, 69.7933 )

[node name="bush81" parent="bushes" instance=ExtResource( 3 )]
transform = Transform( -1.67911, 0, -3.80573, 0, 2.38, 0, 5.40729, 0, -1.18179, 89.0751, -0.572218, 82.0189 )

[node name="bush82" parent="bushes" instance=ExtResource( 3 )]
transform = Transform( -4.34844, 0, -2.55217, 0, 2.38, 0, 3.6262, 0, -3.0605, 81.0312, -0.572218, 89.062 )

[node name="bush83" parent="bushes" instance=ExtResource( 3 )]
transform = Transform( -5.0865, 0, 1.75047, 0, 3.42372, 0, -2.48712, 0, -3.57995, 69.5618, -0.572218, 91.5891 )

[node name="bush84" parent="bushes" instance=ExtResource( 3 )]
transform = Transform( -5.0865, 0, 1.75047, 0, 3.68069, 0, -2.48712, 0, -3.57995, 58.3689, -0.572218, 92.3016 )

[node name="bush85" parent="bushes" instance=ExtResource( 3 )]
transform = Transform( -3.90853, 0, 1.34508, 0, 4.71521, 0, -1.78949, 0, -2.57579, 48.6468, -0.572218, 92.9438 )

[node name="bush113" parent="bushes" instance=ExtResource( 3 )]
transform = Transform( -3.90853, 0, 1.34508, 0, 4.71521, 0, -1.78949, 0, -2.57579, 53.4781, -0.572218, 96.7027 )

[node name="bush86" parent="bushes" instance=ExtResource( 3 )]
transform = Transform( -3.90853, 0, 1.34508, 0, 2.38, 0, -1.78949, 0, -2.57579, 41.5992, -0.572219, 93.9059 )

[node name="bush87" parent="bushes" instance=ExtResource( 3 )]
transform = Transform( -3.90853, 0, 1.34508, 0, 2.38, 0, -1.78949, 0, -2.57579, 22.0621, -0.572219, 92.8185 )

[node name="bush107" parent="bushes" instance=ExtResource( 3 )]
transform = Transform( -3.90853, 0, 1.34508, 0, 2.38, 0, -1.78949, 0, -2.57579, 15.3336, -0.572219, 93.4851 )

[node name="bush108" parent="bushes" instance=ExtResource( 3 )]
transform = Transform( -3.90853, 0, 1.34508, 0, 2.38, 0, -1.78949, 0, -2.57579, 9.54121, -0.572219, 95.3154 )

[node name="bush109" parent="bushes" instance=ExtResource( 3 )]
transform = Transform( -3.90853, 0, 1.34508, 0, 2.38, 0, -1.78949, 0, -2.57579, 1.99242, -0.572219, 94.4673 )

[node name="bush110" parent="bushes" instance=ExtResource( 3 )]
transform = Transform( -3.90853, 0, 1.34508, 0, 2.38, 0, -1.78949, 0, -2.57579, 1.99242, -0.572219, 94.4673 )

[node name="bush111" parent="bushes" instance=ExtResource( 3 )]
transform = Transform( -11.0842, 0, 3.8145, 0, 13.0503, 0, -5.0748, 0, -7.30466, 11.3255, -4.87141, 103.894 )

[node name="bush116" parent="bushes" instance=ExtResource( 3 )]
transform = Transform( -11.0842, 0, 3.8145, 0, 13.0503, 0, -5.0748, 0, -7.30466, 25.3286, -4.87141, 99.9749 )

[node name="bush117" parent="bushes" instance=ExtResource( 3 )]
transform = Transform( -11.0842, 0, 3.8145, 0, 13.0503, 0, -5.0748, 0, -7.30466, 37.3929, -4.87141, 107.011 )

[node name="bush118" parent="bushes" instance=ExtResource( 3 )]
transform = Transform( -11.0842, 0, 3.8145, 0, 13.0503, 0, -5.0748, 0, -7.30466, 53.1809, -4.87141, 106.009 )

[node name="bush119" parent="bushes" instance=ExtResource( 3 )]
transform = Transform( -11.0842, 0, 3.8145, 0, 13.0503, 0, -5.0748, 0, -7.30466, 65.0585, -4.87141, 102.858 )

[node name="bush120" parent="bushes" instance=ExtResource( 3 )]
transform = Transform( -11.0842, 0, 3.8145, 0, 13.0503, 0, -5.0748, 0, -7.30466, 72.9736, -8.86766, 95.9992 )

[node name="bush121" parent="bushes" instance=ExtResource( 3 )]
transform = Transform( -11.0842, 0, 3.8145, 0, 13.0503, 0, -5.0748, 0, -7.30466, 83.7127, -4.12504, 98.3963 )

[node name="bush122" parent="bushes" instance=ExtResource( 3 )]
transform = Transform( -11.0842, 0, 3.8145, 0, 13.0503, 0, -5.0748, 0, -7.30466, 97.6124, -4.12504, 94.3465 )

[node name="bush123" parent="bushes" instance=ExtResource( 3 )]
transform = Transform( -11.0842, 0, 3.8145, 0, 13.0503, 0, -5.0748, 0, -7.30466, 101.596, -4.12504, 82.2497 )

[node name="bush124" parent="bushes" instance=ExtResource( 3 )]
transform = Transform( -11.0842, 0, 3.8145, 0, 13.0503, 0, -5.0748, 0, -7.30466, 98.4987, -4.12504, 56.756 )

[node name="bush125" parent="bushes" instance=ExtResource( 3 )]
transform = Transform( -11.0842, 0, 3.8145, 0, 13.0503, 0, -5.0748, 0, -7.30466, 103.544, -4.12504, 69.9091 )

[node name="bush112" parent="bushes" instance=ExtResource( 3 )]
transform = Transform( -11.0842, 0, 3.8145, 0, 13.0503, 0, -5.0748, 0, -7.30466, -8.16101, -4.87141, 106.793 )

[node name="bush88" parent="bushes" instance=ExtResource( 3 )]
transform = Transform( -3.90853, 0, 1.34508, 0, 2.38, 0, -1.78949, 0, -2.57579, -1.03651, -0.572219, 89.607 )

[node name="bush89" parent="bushes" instance=ExtResource( 3 )]
transform = Transform( -3.90853, 0, 1.34508, 0, 3.55699, 0, -1.78949, 0, -2.57579, 63.175, -0.814862, 57.487 )

[node name="bush21" parent="bushes" instance=ExtResource( 3 )]
transform = Transform( -0.912233, 0, -1.06199, 0, 1.1193, 0, 1.06199, 0, -0.912233, 13.8765, -0.339982, 91.1211 )

[node name="bush22" parent="bushes" instance=ExtResource( 3 )]
transform = Transform( -0.912233, 0, -1.06199, 0, 1.1193, 0, 1.06199, 0, -0.912233, 16.7715, -0.339982, 90.2334 )

[node name="bush23" parent="bushes" instance=ExtResource( 3 )]
transform = Transform( -0.912233, 0, -1.06199, 0, 1.1193, 0, 1.06199, 0, -0.912233, 16.7715, -0.339982, 90.2334 )

[node name="bush2" parent="bushes" instance=ExtResource( 3 )]
transform = Transform( 0.917295, 0, 0.778331, 0, 1, 0, -1.13714, 0, 0.627854, -2.79038, 0, 73.2019 )

[node name="bush3" parent="bushes" instance=ExtResource( 3 )]
transform = Transform( 0.917295, 0, 0.778331, 0, 1, 0, -1.13714, 0, 0.627854, -1.59001, 0, 70.4313 )

[node name="bush4" parent="bushes" instance=ExtResource( 3 )]
transform = Transform( 1.34975, 0, 0.382748, 0, 1, 0, -0.559195, 0, 0.923853, 0.471773, 0, 68.674 )

[node name="bush5" parent="bushes" instance=ExtResource( 3 )]
transform = Transform( 1.34975, 0, 0.382748, 0, 1, 0, -0.559195, 0, 0.923853, 0.471773, 0, 68.674 )

[node name="special" type="Node" parent="."]

[node name="fallen_trunk" parent="special" instance=ExtResource( 4 )]
transform = Transform( -4.32171e-08, 0.988691, 0.149967, -1, -4.37114e-08, 0, 6.55526e-09, -0.149967, 0.988691, 79.7908, 2.4737, 19.0575 )

[node name="fallen_trunk2" parent="special" instance=ExtResource( 4 )]
transform = Transform( -0.412453, 0.900677, 0.136617, -0.910979, -0.407788, -0.0618543, 6.55526e-09, -0.149967, 0.988691, 67.4252, 5.80629, -0.558758 )

[node name="fallen_trunk3" parent="special" instance=ExtResource( 4 )]
transform = Transform( -0.216898, 0.601198, -0.769101, -0.910979, -0.407788, -0.0618543, -0.350817, 0.687219, 0.636127, 67.9334, 5.80629, 5.68829 )

[node name="fallen_trunk4" parent="special" instance=ExtResource( 4 )]
transform = Transform( 0.425373, 0.00415301, -0.905008, -0.902814, -0.0677942, -0.424653, -0.0631178, 0.997691, -0.0250885, 90.1369, 0.410736, 7.87429 )

[node name="fallen_trunk5" parent="special" instance=ExtResource( 4 )]
transform = Transform( 0.395713, 0.25559, -0.882091, -0.914466, 0.0211397, -0.404111, -0.0846397, 0.966554, 0.242094, 88.3286, 2.67191, -12.6586 )

[node name="mushrooms" type="Node" parent="."]

[node name="mushrooms-group" parent="mushrooms" instance=ExtResource( 5 )]
transform = Transform( 1, 0, 0, 0, 1, 0, 0, 0, 1, 15.3706, 0.203189, 78.8837 )
visible = false
random_placement_radius = 8.0
mushroom_count = 36

[node name="Shrub" parent="." instance=ExtResource( 6 )]
transform = Transform( 1, 0, 0, 0, 1, 0, 0, 0, 1, 32.3814, -4.76837e-07, 65.6888 )

[node name="Shrub2" parent="." instance=ExtResource( 6 )]
transform = Transform( 0.558672, 0, -0.829389, 0, 1, 0, 0.829389, 0, 0.558672, 33.4793, -4.76837e-07, 72.7877 )

[node name="Shrub3" parent="." instance=ExtResource( 6 )]
transform = Transform( 0.496398, 0, 0.868095, 0, 1, 0, -0.868095, 0, 0.496398, 20.3377, -4.76837e-07, 55.4967 )

[node name="Shrub4" parent="." instance=ExtResource( 6 )]
transform = Transform( 0.496398, 0, 0.868095, 0, 1, 0, -0.868095, 0, 0.496398, 52.4684, -4.76837e-07, 54.0593 )

[node name="Wooden Fences" type="Spatial" parent="."]

[node name="wooden_fence2" parent="Wooden Fences" instance=ExtResource( 7 )]
transform = Transform( 0.988917, 0.0821503, 0.123667, -0.0828997, 0.996558, 0.000917337, -0.123166, -0.0111592, 0.992323, -4.58601, 21.8566, -10.5542 )

[node name="wooden_fence3" parent="Wooden Fences" instance=ExtResource( 7 )]
transform = Transform( 0.63786, 0.0523538, 0.76837, 0.0704925, 0.98953, -0.125942, -0.766919, 0.134498, 0.627491, 2.48835, 22.2522, -16.9072 )

[node name="wooden_fence6" parent="Wooden Fences" instance=ExtResource( 7 )]
transform = Transform( 0.896918, -0.0317597, 0.441055, 0.0319002, 0.999466, 0.00709848, -0.441045, 0.00770299, 0.897452, 66.5385, 1.86265e-07, 77.7919 )

[node name="wooden_fence7" parent="Wooden Fences" instance=ExtResource( 7 )]
transform = Transform( 0.896918, -0.0317597, 0.441055, 0.0319002, 0.999466, 0.00709848, -0.441045, 0.00770299, 0.897452, 60.8924, 1.86265e-07, 66.6586 )

[node name="wooden_fence8" parent="Wooden Fences" instance=ExtResource( 7 )]
transform = Transform( 0.216297, -0.0138371, 0.97623, 0.0319002, 0.999466, 0.00709848, -0.975806, 0.0296066, 0.216623, 74.1091, 9.0152e-07, 36.7772 )

[node name="wooden_fence9" parent="Wooden Fences" instance=ExtResource( 7 )]
transform = Transform( 0.290887, -0.00248916, -0.956754, 0.0319002, 0.999466, 0.00709848, 0.956226, -0.0325855, 0.290811, 86.1679, -0.0369016, 27.0573 )

[node name="wooden_fence11" parent="Wooden Fences" instance=ExtResource( 7 )]
transform = Transform( 0.290887, -0.00248916, -0.956754, 0.0319002, 0.999466, 0.00709848, 0.956226, -0.0325855, 0.290811, 87.9894, -0.0369016, 8.78785 )

[node name="wooden_fence17" parent="Wooden Fences" instance=ExtResource( 7 )]
transform = Transform( -0.160851, 0.0121432, -0.986904, 0.149192, 0.988734, -0.0121505, 0.975637, -0.149193, -0.160851, 53.404, 4.00439, -39.8486 )

[node name="wooden_fence19" parent="Wooden Fences" instance=ExtResource( 7 )]
transform = Transform( 0.271133, -0.0285649, 0.962118, -0.139322, 0.987869, 0.0685915, -0.952405, -0.152641, 0.263864, 30.1944, 14.6841, -4.37968 )

[node name="wooden_fence20" parent="Wooden Fences" instance=ExtResource( 7 )]
transform = Transform( 0.791262, 0.0539033, 0.609096, -0.176306, 0.973915, 0.142847, -0.585508, -0.220417, 0.780126, 24.6587, 16.0489, 2.66199 )

[node name="wooden_fence21" parent="Wooden Fences" instance=ExtResource( 7 )]
transform = Transform( 0.750463, 0.264414, 0.605715, -0.272287, 0.958785, -0.0811851, -0.602217, -0.104002, 0.791529, 28.5657, 14.3753, -13.1364 )

[node name="wooden_fence22" parent="Wooden Fences" instance=ExtResource( 7 )]
transform = Transform( 0.922122, 0.273341, 0.273816, -0.27007, 0.961523, -0.0503488, -0.277043, -0.0275218, 0.960463, 24.2352, 16.0656, -8.61172 )

[node name="wooden_fence18" parent="Wooden Fences" instance=ExtResource( 7 )]
transform = Transform( 0.791262, 0.0539033, 0.609096, -0.106013, 0.993115, 0.0498311, -0.602217, -0.104002, 0.791529, 52.6963, 4.19206, -39.4834 )

[node name="wooden_fence12" parent="Wooden Fences" instance=ExtResource( 7 )]
transform = Transform( -0.160851, 0.0121432, -0.986904, 0.0319002, 0.999466, 0.00709848, 0.986463, -0.0303406, -0.161153, 87.9894, 0.0367788, 15.4358 )

[node name="wooden_fence13" parent="Wooden Fences" instance=ExtResource( 7 )]
transform = Transform( 0.290887, -0.00248916, -0.956754, 0.0319002, 0.999466, 0.00709848, 0.956226, -0.0325855, 0.290811, 89.5362, 0.0367788, -7.06982 )

[node name="wooden_fence14" parent="Wooden Fences" instance=ExtResource( 7 )]
transform = Transform( 0.290887, -0.00248916, -0.956754, -0.0059829, 0.999972, -0.00442063, 0.956739, 0.00701004, 0.290864, 87.2772, 2.79094, -27.4606 )

[node name="wooden_fence15" parent="Wooden Fences" instance=ExtResource( 7 )]
transform = Transform( 0.833611, 0.0698961, -0.547912, -0.0454554, 0.997278, 0.0580634, 0.550478, -0.0234968, 0.834519, 85.2827, 2.79094, -33.6479 )

[node name="wooden_fence16" parent="Wooden Fences" instance=ExtResource( 7 )]
transform = Transform( 0.986476, 0.161572, -0.0275502, -0.160009, 0.985758, 0.0517468, 0.0355186, -0.0466388, 0.99828, 79.8803, 3.08682, -37.2568 )

[node name="wooden_fence10" parent="Wooden Fences" instance=ExtResource( 7 )]
transform = Transform( 0.394543, -0.00556445, -0.918861, 0.0314983, 0.999476, 0.00747217, 0.918338, -0.0318907, 0.394511, 89.9145, 6.63102e-07, 37.3509 )

[node name="wooden_fence" parent="Wooden Fences" instance=ExtResource( 7 )]
transform = Transform( 0.997452, -0.0322877, 0.0636064, 0.0319002, 0.999466, 0.00709847, -0.0638017, -0.00505135, 0.99795, 41.2338, 0, 74.451 )

[node name="wooden_fence5" parent="Wooden Fences" instance=ExtResource( 7 )]
transform = Transform( 0.991521, -0.0290646, 0.126653, 0.0274972, 0.999522, 0.0141069, -0.127003, -0.0105047, 0.991847, 41.101, 1.90735e-06, 87.3578 )

[node name="wooden_fence4" parent="Wooden Fences" instance=ExtResource( 7 )]
transform = Transform( 0.783578, 0.0678566, 0.617577, -0.0859233, 0.996302, -0.000450317, -0.615324, -0.0527114, 0.78651, 3.89214, 21.4798, -9.00526 )
